  0.0000000000000000e+000  0.0000000000000000e+000  1.0000000000000000e+000  1.6035521277997722e-001
  7.1711499232254461e-001  0.0000000000000000e+000 -6.9695486782591365e-001  1.5319617923509657e-001
 -3.9825376998848727e-001 -3.3469581261647496e-001 -8.5403316546077690e-001  1.4493849691808350e-001
  3.8593452416017515e-001 -1.9272137938153708e-001 -9.0217127697047461e-001  1.5659063004601331e-001
 -9.0354150499821784e-001  1.4734962944928293e-001 -4.0236902893577009e-001  1.6051165209655646e-001
  6.4718087399484736e-001 -7.6224450102202157e-001 -1.1842170280615426e-002  1.5823715578280098e-001
  3.2573603034845139e-001 -9.2109098884516194e-001  2.1327782069656115e-001  1.5410180890719080e-001
 -3.3732645227751107e-001 -2.8040657612644188e-001  8.9865622829807068e-001  1.5555018807195342e-001
 -3.7885343256873266e-001  4.4655863276658284e-002 -9.2437867268014418e-001  1.6269255228583898e-001
 -7.1261152282577633e-001 -9.8391171408515776e-002 -6.9462507507632354e-001  1.5370980312418595e-001
  1.3943044145194722e-001  9.8933268776248162e-001  4.2189867517915119e-002  1.5330890284527052e-001
  5.1145555229068040e-001 -7.3099306830188671e-001 -4.5173261131517650e-001  1.5659063004601337e-001
  3.3524260697190855e-001  8.4644950556404530e-001  4.1368542275630371e-001  1.5721811389752105e-001
 -6.4319190999695533e-002 -9.8027898600039898e-001  1.8685863981944806e-001  1.5314313654696460e-001
  3.2980173399059542e-001  2.4306484628189248e-001  9.1222272321991438e-001  1.5542279922746630e-001
  3.0024512613889170e-001 -9.3715998610134221e-001 -1.7771894856872419e-001  1.5263979903260108e-001
 -7.8482555705115375e-001  4.9324811706091359e-001  3.7517347989324812e-001  1.5198103968622906e-001
  9.8984900488718341e-001  1.3942798269598305e-001  2.7546055347024104e-002  1.5918579226647167e-001
 -3.1054788044270926e-001  9.4728589329448487e-001  7.8800065468314390e-002  1.5555018807195442e-001
  5.2700850832094803e-001  8.4969697332784255e-001  1.6645890629010091e-002  1.5777875551843210e-001
 -1.0193280357913644e-001 -9.7294664903317030e-001 -2.0732708865370716e-001  1.5251258837157808e-001
 -1.4966041530362587e-001  7.0935399557209211e-001  6.8878056669526799e-001  1.4438376174775958e-001
 -1.7223669884204210e-001 -6.4651409669885662e-001 -7.4320524913489217e-001  1.5882692681916716e-001
  1.1343739310809664e-001  4.6903469032913253e-001 -8.7586438283143686e-001  1.5410180890719241e-001
  8.9675787735347801e-001  2.8258484930043548e-001 -3.4054531614799033e-001  1.5624612819802502e-001
 -3.8027499666764758e-001 -8.1421842915625398e-001 -4.3867901309698276e-001  1.5624612819802547e-001
 -5.7422372740167138e-001 -5.4178501532117584e-001  6.1378832512712744e-001  1.5330890284527099e-001
 -1.0761533709501879e-001  9.5018242795208685e-001 -2.9252742236071283e-001  1.5860455759713601e-001
  6.6565615019867530e-001  6.7089936022805985e-001 -3.2679647817603330e-001  1.5772344581934342e-001
  5.8652898846050883e-001  4.5383993419148089e-001  6.7083012740079329e-001  1.4875269414464767e-001
 -1.8960284354760604e-001 -6.4424553965977394e-001  7.4094429368687942e-001  1.5860455759713621e-001
  9.8717265231861931e-002 -8.3976418166962163e-001 -5.3390169575483926e-001  1.5319617923509665e-001
 -4.4972160308500525e-001 -8.9316821092867904e-001  1.0132645832927249e-003  1.5772344581934372e-001
 -5.5380498240793580e-002  9.2026099385453886e-001  3.8736636870598062e-001  1.5450434849482322e-001
  1.0099623238147835e-001 -8.2895116376629341e-001  5.5012701182113777e-001  1.5912837725764348e-001
 -9.1236310420067435e-001 -4.0897146929783290e-001  1.8327667436996289e-002  1.5232252723607445e-001
 -4.8855574152679443e-001  8.3002740099914429e-001 -2.6901264098887584e-001  1.4355606751301206e-001
 -6.9594189839782028e-001  7.1635691453235351e-001  4.9976445012869353e-002  1.6035521277997808e-001
  8.1393446880582343e-001 -5.1407585888657592e-001 -2.7062278507141857e-001  1.5604695638638189e-001
  6.5689484559616451e-001 -3.9636403119220998e-001 -6.4139279432049445e-001  1.5620816029436407e-001
  8.4974067717924850e-001  5.2718117427576805e-001  4.5597188701328797e-003  1.5317150232704421e-001
  9.1403285920580879e-001 -1.0893873268600887e-001  3.9073812817898951e-001  1.5370980312418600e-001
  5.6302933078504855e-002 -3.8509472936257505e-001  9.2115798272821936e-001  1.4355606751301286e-001
  6.9681606651461592e-001  6.5439969234738729e-002  7.1425834252996634e-001  1.6051165209655593e-001
 -4.8025092222945970e-001  4.9433877977690738e-001  7.2456071002120426e-001  1.6355902416475679e-001
  3.4382598038517015e-001 -5.6889881605796044e-001  7.4708622815577819e-001  1.6077214576959642e-001
 -9.4204341869098018e-001  9.1562508000793921e-002  3.2275455756598537e-001  1.6434902662199941e-001
  3.7005666589356440e-001  6.6557289533953190e-001 -6.4812867936629015e-001  1.5314313654696413e-001
  6.7293662636979901e-001  6.5542137166918712e-001  3.4289812255145813e-001  1.5232252723607273e-001
  4.0691061231938380e-001  2.0926028059137622e-001 -8.8917596039742475e-001  1.5263979903259947e-001
  2.1517243853012066e-002  7.3930546138885125e-002 -9.9703123449798514e-001  1.5823715578280068e-001
 -2.6880677421967897e-001  4.1690375605701391e-001 -8.6829383063520860e-001  1.4576766128042137e-001
  6.6116867293543691e-001  3.9730594858076101e-001 -6.3639922151990014e-001  1.5251258837157888e-001
 -9.9832181787190921e-001 -2.9967422157328363e-002 -4.9553017770576635e-002  1.4875269414464459e-001
  4.0757007877512152e-001 -1.6074970124730831e-001  8.9891388043357212e-001  1.5658033658513609e-001
  9.1698819777965646e-001 -1.2008421718413854e-001 -3.8041086461363111e-001  1.5882692681916691e-001
  5.5114168018070586e-001 -7.0752077820302461e-001  4.4233154621683385e-001  1.4576766128042101e-001
 -4.7900310654815365e-001  7.7457397429169250e-001  4.1302685417196627e-001  1.5708266089956507e-001
 -4.3667890025357328e-002  7.6994113068734937e-001 -6.3661901531184195e-001  1.5912837725764312e-001
 -3.9717308029147835e-001  1.2730428772433142e-001  9.0887136747659703e-001  1.5708266089956591e-001
  2.3940232685032037e-001  6.3169011658380625e-001  7.3732904629411533e-001  1.6434902662199802e-001
  2.8068989106970610e-001 -5.6872416168258166e-001 -7.7315329202540506e-001  1.5620816029436482e-001
 -7.3553719851108557e-001  2.0181033128268816e-001  6.4672839723800246e-001  1.4438376174776066e-001
 -7.2499979230698022e-002  3.8922652246652367e-001  9.1828452411012851e-001  1.5198103968622942e-001
 -6.0534385036763207e-003 -3.1750385130016412e-001 -9.4823766023705547e-001  1.5604695638638097e-001
  6.8696374617588551e-001 -3.4907893691871267e-001  6.3735759761667155e-001  1.5441113097935005e-001
  2.9542069235644686e-001  8.9453731204555398e-001 -3.3545433651385798e-001  1.5353088383708374e-001
  9.6782200465612855e-001 -2.5158034655927392e-001 -5.2817164357838427e-003  1.4493849691808539e-001
 -6.9894102900248345e-001 -6.7272092071951017e-001  2.4275090278564188e-001  1.5777875551843115e-001
 -8.8198400003092770e-001 -2.8536183983956409e-001 -3.7506378664544976e-001  1.5636188864841638e-001
 -6.4789633747794684e-001  3.0886551045588578e-001 -6.9629909689262670e-001  1.5441113097934933e-001
 -6.1862229454984830e-001 -5.2154439416865117e-001 -5.8762054218444004e-001  1.5918579226647128e-001
 -7.6883111459088893e-001  5.3260810142918780e-001 -3.5387473423363713e-001  1.5658033658513609e-001
 -7.1125662359745234e-001 -6.6972757012314377e-001 -2.1349238207884985e-001  1.5317150232704407e-001
 -9.2793460254147397e-001  3.7261387227482073e-001 -9.8120127680473481e-003  1.5542279922746652e-001
  8.2620585271906388e-001 -5.0513108418982999e-001  2.4945235360278989e-001  1.6269255228583898e-001
 -3.5042996914992330e-001 -8.3791437285314108e-001  4.1844753612336061e-001  1.5353088383708280e-001
 -4.3503315816790228e-001  6.6278149880786907e-001 -6.0948079225883367e-001  1.6077214576959822e-001
 -8.7040777114216406e-001 -2.9558560923478044e-001  3.9372510657644622e-001  1.5721811389752111e-001
  8.7165695107453200e-001  2.9599182625604314e-001  3.9064433751567845e-001  1.5636188864841585e-001
 -6.7670217737344618e-001 -1.6670313522734109e-001  7.1713612922750714e-001  1.5450434849482206e-001
