  0.0000000000000000e+000  0.0000000000000000e+000  1.0000000000000000e+000  1.2828008337011687e-001
  5.5879809506625877e-001  0.0000000000000000e+000 -8.2930373745107433e-001  1.2214064333016020e-001
  8.3436251877968837e-001  4.8563524920566820e-001  2.6076347900839708e-001  1.2411944479174512e-001
 -9.3575460434902880e-001  3.3213753111229483e-001 -1.1852417840348918e-001  1.2214064333016210e-001
  2.8817926168229235e-001  6.1998187859607867e-001  7.2977748892982863e-001  1.2980339275702615e-001
 -7.7293706440609267e-001  3.7258914156283324e-001  5.1356170618219077e-001  1.2595875621934147e-001
  8.1923630884062026e-001 -3.7153425492407591e-002 -5.7225125010905487e-001  1.2686544109770925e-001
  3.5955253994919356e-001 -3.7176968746353732e-003  9.3311743620298504e-001  1.2591607112415609e-001
  4.1374868104778628e-001 -8.8953816696768928e-001 -1.9373662131610656e-001  1.2686544109771136e-001
  8.2781915788180993e-001 -5.1078343040064422e-001  2.3198217403930227e-001  1.2980339275702782e-001
 -1.5293512413761351e-001  8.5291263594004241e-001 -4.9915016103255078e-001  1.2828008337011901e-001
 -1.4056282219986227e-001 -8.8382113099839799e-001 -4.4620880920923395e-001  1.2040375385514557e-001
 -8.7953274381862701e-001 -1.5547118863204995e-001 -4.4972309486640211e-001  1.2828008337011734e-001
  3.6557184487409189e-001  4.4169870729597405e-001 -8.1930426473222906e-001  1.2980339275702593e-001
 -1.1008318631786741e-001  6.0909280603786353e-001  7.8542195393497072e-001  1.2411944479174476e-001
 -6.8227008217274310e-001  7.3077680788926602e-001 -2.1743781252876668e-002  1.2980339275702665e-001
  9.7105171735177342e-001 -7.3144356914217182e-002 -2.2739495438504603e-001  1.2595875621934252e-001
 -3.8322934902125821e-001 -5.3489407692958102e-001 -7.5300968952224911e-001  1.2980339275702682e-001
  6.1408570463802703e-001 -7.7999407858284642e-001  1.2044909603195099e-001  1.2980339275702674e-001
  2.5883405807993465e-001  1.3421022953119174e-001 -9.5655242651255545e-001  1.2040375385514884e-001
 -9.6302107388772840e-001  1.4607918305178344e-001  2.2638746327270429e-001  1.2828008337011826e-001
  2.5340387342701387e-001 -9.5653824694581380e-001  1.4429504170973875e-001  1.2411944479174591e-001
 -7.9677675913262314e-001 -3.5969812809283486e-001  4.8555540647038870e-001  1.2214064333016172e-001
  9.7699977734394994e-001 -1.4490568369665394e-001  1.5644097258160189e-001  1.2411944479174568e-001
 -6.7036848727502918e-001  4.8598740345554670e-002 -7.4043517859797447e-001  1.2595875621934277e-001
  5.3599346541499460e-001 -3.0539799087465447e-001  7.8704705844196488e-001  1.2591607112415576e-001
 -3.8786090696637621e-001 -1.6333868380037719e-001 -9.0712975434696252e-001  1.2411944479174568e-001
  6.4574532075473312e-001 -5.4147383262864124e-001  5.3834846456715846e-001  1.2214064333016256e-001
  6.9111173727939690e-001  1.9463967938774054e-002  7.2248579262621659e-001  1.2828008337011654e-001
 -1.2950331297237597e-001 -9.7453114633316651e-001  1.8307904510277312e-001  1.3112989395358454e-001
 -7.2987697836698048e-002 -3.7555987453663625e-001 -9.2391968081783216e-001  1.2686544109770917e-001
  7.7075842828634986e-002  6.8413502728514863e-001 -7.2527138292766280e-001  1.2686544109770981e-001
 -6.4922171798508910e-001 -3.0991622279202602e-001 -6.9459563470181174e-001  1.2040375385514597e-001
  3.0755148283658329e-001 -6.1921431254313541e-001  7.2248579262622936e-001  1.2828008337011904e-001
  2.7550430263757408e-001 -5.6477826332663483e-001 -7.7789645358616610e-001  1.2591607112415720e-001
 -1.6456648854973690e-002  3.7563194529352711e-001 -9.2662280372515371e-001  1.2411944479174433e-001
 -4.9218277509219505e-001  7.0573644984043327e-001 -5.0960001890616857e-001  1.2040375385514400e-001
  4.9836224467124393e-002 -9.8651598695616693e-001 -1.5589277793009632e-001  1.2595875621934233e-001
 -4.2152325054909845e-001 -5.2626769991729583e-001  7.3848524512699720e-001  1.2980339275702688e-001
 -4.2048299132786376e-001  8.8195157479326947e-001 -2.1296824581059892e-001  1.2214064333016328e-001
 -7.3857094387487565e-001 -5.2146603800662106e-001 -4.2730098533639332e-001  1.2214064333016242e-001
 -9.5613953210777480e-001 -2.1827392438573417e-001  1.9532969327262109e-001  1.2591607112415476e-001
 -8.6454365166984160e-001  2.0817411392305821e-001 -4.5741426808717400e-001  1.2686544109771111e-001
 -9.0919632336854850e-001 -3.9302959116536917e-001 -1.3744011802052741e-001  1.2591607112415601e-001
 -6.1060510278086855e-001  6.9870103800102812e-001  3.7279789156358012e-001  1.2411944479174521e-001
  8.9908926280580348e-001  2.6147540765815019e-001 -3.5109700753113943e-001  1.2411944479174394e-001
  7.1049227492216549e-001 -6.7261527327691450e-001 -2.0685604035306232e-001  1.2214064333016252e-001
  2.6266182629497048e-001 -2.3513200257720979e-001 -9.3580003546239610e-001  1.2828008337011682e-001
 -2.9126580302080296e-001  8.1224578972420003e-001  5.0539193609114652e-001  1.2595875621934219e-001
  7.0362553715937104e-001  5.6051833063507484e-001 -4.3672680760316901e-001  1.2040375385514783e-001
 -2.6334578870489483e-001  3.0551525901331966e-001  9.1504613112204414e-001  1.2595875621934322e-001
 -6.1979854799008993e-001  4.0274289264144925e-001 -6.7353390585491246e-001  1.2411944479174594e-001
  6.6878160253060337e-001  3.0492471957090994e-001 -6.7805020722008491e-001  1.2980339275702757e-001
 -1.7612309650465877e-001 -3.4256648564901826e-001  9.2283739509606544e-001  1.2214064333016113e-001
 -7.3210814984199735e-002 -4.2334575340004527e-003 -9.9730750243175104e-001  1.2595875621934349e-001
  4.3201740925481541e-001 -7.9667472597803801e-001  4.2269414366486724e-001  1.2040375385514447e-001
 -3.8492948835814716e-001  9.1034061554990520e-001  1.5201727754618821e-001  1.2686544109771059e-001
  5.8231217412175607e-001 -3.4675572407029320e-001 -7.3530469853937452e-001  1.2591607112415304e-001
  8.3572445898020620e-001 -2.2897656250526524e-001  4.9913361185709987e-001  1.2686544109770961e-001
 -5.9780767647584179e-002 -6.8522035684696359e-001 -7.2587831100122124e-001  1.2214064333016109e-001
 -2.8122136226729788e-001  5.7108198641821029e-001 -7.7121975479960070e-001  1.2595875621934266e-001
 -6.6251692393632811e-001 -7.3613489311524682e-001 -1.3848012361400269e-001  1.2686544109771064e-001
 -7.5963478034708742e-001  5.6000070109423450e-001 -3.3068748881836774e-001  1.2980339275702749e-001
 -8.4961375444042961e-002  9.8712044321641601e-001 -1.3555366194567650e-001  1.2591607112415515e-001
  4.1410176057101600e-001  7.0226461374182703e-001 -5.7908906411538075e-001  1.2214064333016109e-001
  1.1316210260845483e-001  3.3959618548604387e-001  9.3373913345032400e-001  1.2686544109771047e-001
  2.7413948078177619e-001  9.6152555136663231e-001 -1.7780864596295316e-002  1.2591607112415792e-001
  4.6405823898946452e-001  3.2331557313960135e-001  8.2469205828079140e-001  1.2214064333016098e-001
 -9.9155281021087949e-001 -2.3436683584217594e-002 -1.2756859498121320e-001  1.2591607112415565e-001
  1.8992751245941883e-001  9.0417856884788939e-001 -3.8260770463643273e-001  1.2591607112415412e-001
  9.0966630034800033e-001 -4.0438589982384110e-001 -9.4758989203367353e-002  1.2040375385514419e-001
  1.8389984552659300e-001 -3.3914892039188127e-001  9.2258270990319158e-001  1.2591607112415423e-001
 -3.6874107716177845e-001  2.2144861615298050e-001 -9.0276825842377806e-001  1.3112989395358429e-001
  6.7243162590278127e-002  8.3089707911673194e-001  5.5234807956590259e-001  1.2040375385514709e-001
 -4.7767506246970481e-001  5.3625388189371948e-001  6.9588670690600229e-001  1.3112989395358449e-001
 -6.1283019685560380e-001 -2.2035572694960343e-001  7.5886922682530333e-001  1.2980339275702688e-001
 -2.7665904148066794e-001 -8.1866815419905226e-001  5.0323178364180754e-001  1.2411944479174435e-001
  7.2254137759467207e-001  3.6284027467370356e-001  5.8845636434514403e-001  1.2040375385514636e-001
  5.3787166976588252e-001  8.1297806056673583e-001 -2.2307115434410246e-001  1.2828008337011679e-001
  6.2234251916456396e-001  7.7209858216583482e-001  1.2866067098150868e-001  1.2686544109770903e-001
  8.3106709321622022e-002 -8.7052677106682319e-001  4.8505300300245768e-001  1.2595875621934227e-001
 -8.0053349606085600e-001 -5.7784605798954225e-001  1.5887118980649084e-001  1.2828008337011798e-001
  8.0840471518876100e-001 -3.7977750644869035e-001 -4.4972309486637790e-001  1.2828008337011912e-001
  2.2262311123100237e-001 -8.3742944006467435e-001 -4.9915016103252419e-001  1.2828008337011654e-001
 -5.3427106861462417e-002 -6.4839062098500444e-001  7.5943080453132406e-001  1.2686544109770992e-001
 -6.0141678639377472e-001 -6.5201448973602671e-001  4.6170873309701793e-001  1.2040375385514709e-001
 -4.6555055393574574e-001 -7.4801312592489622e-001 -4.7301061845817544e-001  1.2980339275702613e-001
 -3.6104280884552487e-001 -4.2714070430248989e-002  9.3157050101869021e-001  1.2040375385514734e-001
  5.4052072023992548e-001 -6.5828576875754574e-001 -5.2392480151506404e-001  1.2591607112415418e-001
  8.2941355143580253e-001  5.5008041140867114e-001 -9.7389433097828715e-002  1.2595875621934391e-001
 -4.9285694774670308e-001 -8.5136221288798852e-001  1.7965080440752484e-001  1.2595875621934363e-001
 -6.0597357247015915e-001  1.8156080124737231e-001  7.7448802761447832e-001  1.2411944479174428e-001
  9.1179806582871270e-001  1.2567145688642431e-001  3.9093602043692804e-001  1.2595875621934258e-001
 -3.4202104691774704e-002  9.7343666075795565e-001  2.2638746327271250e-001  1.2828008337011682e-001
  5.6060064127470177e-001  6.6292532425840212e-001  4.9624281905059897e-001  1.2980339275702737e-001
 -8.4288504480779403e-001  1.4090191922570673e-003  5.3809182850539450e-001  1.2686544109771092e-001
  9.7591945260386348e-001  2.1682864828647327e-001  2.3802506415002010e-002  1.3112989395358479e-001
  3.3429347253298675e-001  8.8337082171398473e-001  3.2848723805681812e-001  1.2214064333016045e-001
 -8.4950093451061248e-001  4.9532417596145489e-001  1.8166486444467361e-001  1.2040375385514504e-001
 -3.3641842549544282e-001 -9.3138937144314649e-001 -1.3905567859640863e-001  1.2411944479174544e-001
