  0.0000000000000000e+000  0.0000000000000000e+000  1.0000000000000000e+000  1.9495792590285185e-001
  7.7411031100420857e-001  0.0000000000000000e+000  6.3305072971837528e-001  1.9495792590285244e-001
 -9.2362417789221629e-001  3.2863538842142553e-001  1.9727432547097026e-001  1.9791981599050915e-001
 -6.2612466614225504e-001 -5.6387381624411925e-001 -5.3852968516372690e-001  1.9872772569754657e-001
 -9.0668070874198015e-001 -3.9832419130420654e-001 -1.3880897311409804e-001  2.0164788410582002e-001
  9.5061667299644115e-001  2.2717371698056088e-001 -2.1147114066560785e-001  1.8728563882763369e-001
  2.8506500402438413e-002  4.2493232951869647e-001  9.0477615727019445e-001  1.8583014588255040e-001
 -7.9762102802942747e-001  5.1671065384409776e-001 -3.1114433282527315e-001  2.0273767977314833e-001
  3.2341132623254909e-001  7.6686518867620379e-001 -5.5436711343757938e-001  1.9118802647071381e-001
 -7.1410932963961948e-001  6.9294689998656167e-001  9.9360249197892533e-002  1.8728563882763419e-001
 -7.6549056899191992e-001 -2.2717371698056271e-001  6.0201020846631981e-001  1.8728563882763391e-001
  4.5814674598254229e-001 -1.1198596850208944e-001 -8.8179402470432799e-001  1.9927212167137440e-001
  5.2777209396894176e-001  7.9913729390654420e-001  2.8781279039570845e-001  1.8728912573865325e-001
 -9.7263597856786743e-001  1.1198596850209058e-001 -2.0356423078226607e-001  1.9927212167137426e-001
  7.3741304924368023e-001 -3.2863538842142553e-001 -5.9010234390505212e-001  1.9791981599050854e-001
 -1.1130766052782388e-001 -7.9913729390654420e-001  5.9075391678392464e-001  1.8728912573865342e-001
  9.1879047703339178e-001 -3.2146934178601139e-001  2.2908845803405492e-001  1.9927212167137442e-001
 -8.4144730846800436e-002 -9.9576896923565839e-001 -3.6929990225748388e-002  2.0474455847874867e-001
  1.0999992455307415e-001 -8.5976812155383786e-001 -4.9869709619979036e-001  1.9679660542036370e-001
  7.1237898984093506e-001  5.7097892908084347e-001 -4.0804318077735618e-001  1.9694870609201881e-001
  6.8235049161214167e-001 -4.2493232951869664e-001  5.9483638248385784e-001  1.8583014588254973e-001
  4.5705020210975023e-001  8.7837955303527915e-001 -1.3983731104744379e-001  2.0474455847874867e-001
 -7.1616193256297678e-001  2.2544542155355596e-001 -6.6051983183565477e-001  1.9495792590285216e-001
  1.2464416142791530e-001  1.7089306622668701e-001 -9.7737372224629249e-001  1.8583014588255059e-001
 -8.3550115344249543e-001 -1.7089306622668485e-001 -5.2223881750775814e-001  1.8583014588255095e-001
  9.6389013053922412e-001  1.3015141399905056e-001  2.3232827138151982e-001  2.0273767977314830e-001
 -1.7428479635386965e-001  7.3860857797782542e-001  6.5121592294527386e-001  2.0164788410582041e-001
  3.1261358084063368e-001 -6.5582621141440456e-001  6.8714243755994686e-001  1.9872772569754632e-001
 -5.7948378441231137e-002 -2.2544542155355424e-001 -9.7253089788272129e-001  1.9495792590285174e-001
 -4.6296195946094632e-001  6.0589091482075352e-001 -6.4696400474041182e-001  1.9812703329574960e-001
  2.6407453758218136e-001 -5.1671065384409676e-001 -8.1441680901413316e-001  2.0273767977314805e-001
 -9.9865293426096152e-002  8.6561384545191000e-001 -4.9065221260163133e-001  1.8728912573865308e-001
 -2.0774310064952667e-001 -6.0589091482075175e-001 -7.6794466172387266e-001  1.9812703329574968e-001
 -4.0430124444806653e-001  3.2146934178601044e-001  8.5626979745254006e-001  1.9927212167137412e-001
  6.1444407815269242e-001 -7.3860857797782631e-001  2.7733705731593322e-001  2.0164788410582063e-001
  7.7868490221047149e-001  1.2279151418225046e-001 -6.1528210368439840e-001  1.9682394891662691e-001
 -3.3619910368926442e-001  2.1241068333003546e-001 -9.1752485758468838e-001  2.0129571132548929e-001
 -4.9743436493782234e-001 -2.1241068333003396e-001 -8.4109497334496852e-001  2.0129571132548943e-001
  5.2898322563509848e-001 -6.9294689998656123e-001 -4.8989931699860656e-001  1.8728563882763363e-001
  8.2223857793368615e-001  5.6630250627121870e-001  5.6790776967089965e-002  1.9679660542036442e-001
  7.7999763463402672e-001 -6.1345965166549254e-001 -1.2357566808953950e-001  1.9682394891662672e-001
 -2.0512705271061565e-002  5.6387381624412114e-001 -8.2560617020269034e-001  1.9872772569754615e-001
  9.5557988571114882e-001 -2.0431322075994945e-001 -2.1242219716160499e-001  1.9791981599051006e-001
 -3.3009204833017119e-001  9.1629030953501045e-001  2.2682880831461172e-001  1.9694870609201853e-001
 -7.6936875706261232e-001  2.0431322075994721e-001  6.0525021559568903e-001  1.9791981599050903e-001
  4.6652142694315607e-001  3.9832419130420710e-001 -7.8974400714710780e-001  2.0164788410582007e-001
 -4.5568209674340326e-001  8.5976812155383908e-001 -2.3054848485149215e-001  1.9679660542036312e-001
 -4.3034364009197779e-001 -1.3015141399905153e-001  8.9323287045788557e-001  2.0273767977314824e-001
  3.8434292668918985e-001 -2.2756620050835610e-001  8.9470338050673459e-001  2.0129571132548937e-001
  3.8455553141878518e-001 -9.1629030953501078e-001 -1.1193351556817079e-001  1.9694870609201881e-001
  1.9749828537842593e-001 -9.3084582160464957e-001  3.0744183787140394e-001  1.9118802647071340e-001
  3.3402379057268244e-001  6.5582621141440400e-001  6.7699341780647049e-001  1.9872772569754668e-001
 -4.7655640574335550e-001 -5.6630250627121914e-001  6.7245480408419278e-001  1.9679660542036376e-001
 -7.6684247292954866e-001 -5.7097892908084458e-001  2.9314788803091568e-001  1.9694870609201945e-001
  1.1296746305339661e-001  9.3084582160464890e-001  3.4751173892754411e-001  1.9118802647071326e-001
  7.3201610559128794e-001  4.4085149673097451e-001  5.1942504655149624e-001  1.9812703329574927e-001
 -5.8943927064102564e-001  6.1345965166549066e-001  5.2557454466957454e-001  1.9682394891662716e-001
 -6.3387707466437238e-001 -7.6686518867620379e-001 -1.0058646336136901e-001  1.9118802647071359e-001
 -3.1659914001502149e-001 -8.6561384545190889e-001 -3.8791449457800320e-001  1.8728912573865264e-001
 -9.6924326620347434e-001 -1.2279151418225051e-001  2.1328322710436301e-001  1.9682394891662727e-001
 -3.9758546830843722e-001 -8.7837955303527970e-001  2.6528316229927396e-001  2.0474455847874751e-001
  4.4929054193789714e-001  2.2756620050835569e-001  8.6391645042292231e-001  2.0129571132548868e-001
  2.4679997045488129e-002  9.9576896923565861e-001 -8.8515861026082360e-002  2.0474455847874828e-001
 -6.1311045480814827e-002 -4.4085149673097457e-001  8.9548361991278713e-001  1.9812703329574924e-001
