   0.0000000000000000E+00   0.0000000000000000E+00   1.0000000000000000E+00   8.7604447767222364E-02
   7.3350441544210873E-01   0.0000000000000000E+00  -6.7968468610594010E-01   8.6895643458362794E-02
  -1.0024554982427058E-02   3.1678773146339929E-01  -9.4844348355169678E-01   8.7854436580528840E-02
  -6.5351105605998398E-01  -7.3191134722747044E-01   1.9294838534445846E-01   8.1398146417544872E-02
  -2.5805262016293841E-01   7.1476752872684468E-01  -6.5001248072999455E-01   8.8337248964754717E-02
   5.3490311802177883E-01   2.4317240591438635E-01  -8.0916366412017541E-01   8.7604424518207526E-02
  -2.9640959126768699E-01  -4.5609524225306934E-01   8.3911768197234213E-01   8.7854468426519645E-02
  -7.5315122612368448E-01   3.6881313850397159E-01  -5.4473856064651871E-01   8.8285476216887062E-02
   8.9889211266369173E-01   1.2860913558038167E-01   4.1887069608206308E-01   8.6923485913165823E-02
  -7.6386421931613037E-01   2.7134699284646508E-01   5.8556149456887887E-01   9.0297408762831263E-02
  -5.2652272292868609E-01   3.0566098908238621E-01  -7.9331278950546320E-01   8.7925426178875412E-02
   2.3037561317815811E-01   9.6986073574029330E-01   7.9355088822864043E-02   8.8050997414209000E-02
   3.2848631420489922E-01   8.6517368423315588E-01   3.7890795384962254E-01   8.7201697638943578E-02
  -9.8477892683512635E-01  -2.4653810225773753E-03  -1.7379409413979036E-01   8.5500246504502168E-02
   4.0096444618043713E-01   9.0313965573900460E-01  -1.5351311061550243E-01   8.5367510330163884E-02
   5.8243237379859182E-01   7.0124151877688287E-01   4.1113606299475593E-01   8.5500163974242688E-02
   7.2285380761583608E-01   5.7245794080480330E-01  -3.8700682012699999E-01   8.8290176453452744E-02
  -4.0869949402796983E-02   1.3277051935238726E-02  -9.9907625691321566E-01   8.7538235141705325E-02
  -2.5591764453804826E-01  -1.7288674917935153E-01   9.5111320628634583E-01   8.7924979658686250E-02
  -8.4280777663112402E-01  -5.3398298399800587E-01   6.7358922576650188E-02   8.7763893504340106E-02
  -4.7890231592129852E-01  -7.6273695408317410E-01   4.3460891693698453E-01   8.7925469772776647E-02
   4.7944233564290605E-02   9.4812051483629762E-01   3.1427510212310276E-01   8.2463595470349506E-02
   2.8589962131514798E-01  -1.4155162181940015E-01   9.4774708909716647E-01   8.7636057591579330E-02
   7.6662282650205195E-01  -8.3614220876796512E-02   6.3663027257048590E-01   8.8922684878914814E-02
  -1.3074481290219439E-01  -7.0149202889436086E-01  -7.0058170636753231E-01   8.8050941310130976E-02
  -3.1591170481253310E-01  -8.3130267502148473E-01  -4.5731352184749871E-01   8.7201658433634143E-02
  -2.6457442498877865E-01  -7.1266602668057963E-01   6.4969801297000460E-01   8.7604386442221091E-02
  -2.4091266149165750E-01   8.8921916550225184E-01   3.8890919921812724E-01   8.7546876004392935E-02
   4.5394017163858224E-01  -5.7615388926960884E-01  -6.7969479654638940E-01   8.5639305284952751E-02
   8.6336234494302726E-01   4.9828477495138292E-01  -7.9484239860030667E-02   8.7763881040850435E-02
  -2.9842437044478153E-01   1.6330514819403565E-01  -9.4035861441152324E-01   8.7636056630196534E-02
   1.7083763016393271E-01  -9.8507088373112079E-01  -2.1209859621415283E-02   8.8643737453822328E-02
  -2.8020244689230002E-01   4.6447557081265191E-01   8.4008870536023092E-01   8.8876383170830699E-02
   6.9719632500663912E-01  -5.2248834446034617E-01  -4.9083929579886280E-01   8.8643596248797997E-02
   6.6632136134016706E-01   7.3504447467918190E-01  -1.2540121078120434E-01   8.8922641905351973E-02
  -8.9101754682551472E-02  -9.7289859472141699E-01  -2.1337572894212359E-01   8.8446658007779657E-02
  -3.8521768419621738E-01  -9.0668269390534881E-01  -1.7185409030640719E-01   9.0069090750417259E-02
   3.1071055852730582E-01   7.0598785514426110E-01   6.3642760563040914E-01   9.0069015201219961E-02
   2.6173030946312629E-01   4.8466283060675738E-01   8.3462517679290133E-01   8.8285509502654964E-02
  -6.4789775086282430E-01  -7.5491303186845959E-01  -1.0166031055463007E-01   8.7564825514113167E-02
  -2.5336545025318013E-01   1.7343844941085935E-01   9.5169588256120984E-01   8.8337267119048998E-02
   2.3416381383371835E-01  -6.7898628727254539E-01   6.9580523854502001E-01   8.1957258107720747E-02
  -6.9627891850127934E-01   6.1175319086129400E-01  -3.7543801235585356E-01   8.5366970362697092E-02
   3.0498390635981471E-01   6.9814749295616671E-01  -6.4774601113440049E-01   8.7538229260166460E-02
   9.0580158741903264E-01  -1.9057315940437344E-01   3.7842483420594326E-01   8.8694418457583363E-02
   7.2819242905411760E-01   2.2525132657520736E-01   6.4730025965109359E-01   8.7763827215465362E-02
   4.9107778219227986E-01   2.9437654855367565E-01   8.1986892824325110E-01   8.1398137343346288E-02
   3.9638312530208995E-01  -9.0064597212272996E-01   1.7809337684161770E-01   8.5639261693165504E-02
  -7.2278393222437671E-01  -6.2855522355175619E-03   6.9104549716452261E-01   8.7843710915958279E-02
  -2.7828739032994871E-01  -1.7617682015689024E-01  -9.4420223279907222E-01   8.7111824039211054E-02
   9.7676547579371906E-01  -1.2068889572374053E-01  -1.7709713647163772E-01   9.0068972315876383E-02
   5.4622110766454490E-01  -2.8915636708861001E-01   7.8614953851912598E-01   8.7111746312662532E-02
  -2.7032835112898929E-01   4.6949433334433514E-01  -8.4053414774977479E-01   8.7604424255720321E-02
   5.5322200292309311E-01   5.2302494065594693E-01  -6.4837514367347885E-01   8.7636026649844787E-02
  -3.2070051155697032E-01   9.3505214341298827E-01  -1.5109159799894287E-01   8.5639252959934388E-02
   3.9553664723569408E-02   9.8659943184151082E-01  -1.5829424720103844E-01   9.0297376125827337E-02
  -7.4259121756828214E-01  -5.3817897466533750E-01   3.9864981477309440E-01   8.8290113039844797E-02
   8.3828201696963198E-01  -5.4523356528519082E-01   1.9024488758530713E-03   8.2463541180234294E-02
   6.0754065874639060E-01  -6.9242394139585048E-01   3.8915733752794317E-01   9.0297316366980826E-02
   5.4409733962927466E-01   3.5105798277985229E-03   8.3901475603091650E-01   8.8290176828896136E-02
  -8.2008351603750959E-03   6.1175183990182357E-01   7.9100722669227616E-01   8.5366979463146535E-02
   2.6313408223948187E-01   1.7616764937723406E-01  -9.4853856752210425E-01   8.7924952011313539E-02
  -4.4132718336173422E-01  -6.1610347496589410E-01  -6.5241614431354157E-01   8.8694495660003997E-02
  -4.4497836133598820E-01   7.9498199020892821E-01  -4.1230800766682937E-01   8.8876368507838794E-02
   4.4710518429675536E-03  -3.2026671054394362E-01  -9.4731686558024463E-01   8.7843669553696006E-02
   8.1852905737740861E-01  -4.9301848920478485E-01   2.9486090200479706E-01   8.8051038230886966E-02
  -4.1605064257073323E-01  -9.0034382444829503E-01   1.2760431260070306E-01   8.8285461388079600E-02
  -2.6342138472034353E-02  -5.8741613064778235E-01   8.0885621787528307E-01   8.7924975650634582E-02
  -7.2195965679481099E-01   1.0660881507648973E-01  -6.8367303187174597E-01   8.1398169141792422E-02
  -5.4069700197998473E-01  -5.4477787724114055E-01   6.4098659620813691E-01   8.7636054164650403E-02
  -6.8234638364769581E-01   7.1425174542243468E-01   1.5571723374089692E-01   8.7546878119235707E-02
   9.0747151623930779E-01   4.6867843778321347E-02  -4.1749114054540443E-01   8.8285543682179810E-02
   8.3598646904515661E-01  -2.3543235576473486E-01  -4.9567956325884425E-01   8.5366970252804570E-02
   2.8165303835884852E-01  -4.3145617066799513E-01   8.5703975332287765E-01   8.7538282723101001E-02
   6.2604641319676801E-01  -3.0725138066136232E-01  -7.1670250285955354E-01   8.8876432366338953E-02
  -8.6553353563836630E-01   4.7182825228922053E-01   1.6801725812263565E-01   8.2463664330572346E-02
  -5.8634584689621158E-01  -7.1178336392323888E-01  -3.8673374648417023E-01   8.5500218713872353E-02
   8.8439340282426055E-01   3.3092608926754527E-01  -3.2914469839724569E-01   8.1398101960790310E-02
   2.9674076905299312E-01   4.5552017671896036E-01  -8.3931298368592237E-01   8.7854479279370654E-02
   9.6933123992103062E-03  -3.1621183449247229E-01   9.4863908596559340E-01   8.7854417057441942E-02
   3.3675897116134860E-01  -8.2269008937785041E-01   4.5801136686966028E-01   8.7494113460166857E-02
   4.6547062502421407E-01  -8.7598101751273347E-01  -1.2646878744150169E-01   8.7501924799889145E-02
  -8.9242212634954611E-01   5.4668390045214110E-02  -4.4787734429374630E-01   8.7564797615957008E-02
   9.8869261892068838E-01   1.3006934534825747E-02   1.4939118095040675E-01   8.5500196815851907E-02
  -1.3150725122725412E-01  -9.8807296467694420E-01   8.0110294901255638E-02   8.5367015264979357E-02
  -8.9490998489912794E-01  -2.5381920094938377E-01  -3.6703124139132765E-01   8.9149445111187723E-02
  -1.4760738615505422E-01   9.0868058117041314E-01  -3.9052741383451321E-01   8.7494071712069807E-02
   5.0856302404282924E-01  -5.7074562211115731E-01   6.4468060729120786E-01   8.7843744662023617E-02
   7.3366549021642981E-01  -3.8732588857917882E-01   5.5831317779704550E-01   8.5367540666886867E-02
  -9.6896803889696609E-01   2.4718363500538087E-01  -1.0909544877770020E-03   8.7201642215720855E-02
   2.0974986716744306E-01   8.9729787316509419E-01  -3.8840895977904343E-01   8.7843707075027346E-02
  -5.2435949878253858E-01  -3.7789236507293546E-02  -8.5065803331345826E-01   8.8290120779888354E-02
  -1.3602115620210388E-01   9.8709043982137423E-01   8.4561863027543235E-02   8.7504477363292618E-02
  -5.9746767996972591E-01   7.9112067435563373E-01  -1.3099790074150279E-01   8.8643719435719710E-02
  -7.0255268710979983E-01  -4.6960165007384873E-01  -5.3469057601824090E-01   8.6923403714909071E-02
  -5.2085728230605088E-01  -3.4321902192690503E-01  -7.8160629120823577E-01   8.8922669574514259E-02
  -2.1362585883822187E-01  -9.0289920158268213E-01   3.7301075616795165E-01   8.6895673266083939E-02
   6.9383009036449063E-01  -6.8331861313368600E-01  -2.2732241123536178E-01   8.7546899886860867E-02
  -2.0692793342498925E-02  -8.7471556157025673E-01  -4.8419468672272243E-01   8.2463714127686884E-02
   9.7930049237922673E-01   1.7934880489451763E-01  -9.3832573281948370E-02   8.7564873327189047E-02
  -4.8592570560923888E-01   8.3384580691185448E-04   8.7399972158424272E-01   8.1957329220694496E-02
  -9.1208666973757352E-01  -3.0821142216858117E-01   2.7037682247530598E-01   8.8922692836940608E-02
  -8.9452010501055454E-01  -4.5956662732668656E-02   4.4465915810020426E-01   8.5367501479854350E-02
   8.8027448650674440E-01  -4.0117189890655344E-01  -2.5333364548160073E-01   8.8446818898776431E-02
   1.1676936822869496E-01  -5.6552279994097602E-01  -8.1642444683533970E-01   9.0297453786381023E-02
  -9.5687346565831514E-01  -2.8478979768848763E-01  -5.7340577705455864E-02   8.6923392943359480E-02
   9.5639343501737563E-01  -2.8105502240956869E-01   7.9496363652820880E-02   8.7201715394043972E-02
  -5.2255308394173614E-01   5.6822517499925773E-01  -6.3565590138064766E-01   8.6895685987560984E-02
   2.2545020917470699E-01  -1.1924875948313493E-01  -9.6692912695027146E-01   8.1957366021105269E-02
  -2.4010990109519410E-01  -4.6985746501871386E-01  -8.4945935627447433E-01   8.5367518783480296E-02
  -8.2174955711496551E-01   5.5881661253282786E-01  -1.1158700165652393E-01   8.8446719468311201E-02
  -5.1238040774267243E-01   7.4962376232714733E-01   4.1896364128160952E-01   8.7501977363032032E-02
   2.6311638246504105E-02   7.9740149663963197E-01  -6.0287523655368353E-01   8.1957335703579818E-02
  -2.7056671871648059E-01   7.1643824839205363E-01   6.4304734426317544E-01   8.8643650982577213E-02
   5.2479567295269458E-01   8.4093653220389477E-01   1.3196685362247602E-01   8.8694474304846782E-02
   5.0077482382093405E-01  -6.0963769195014858E-02  -8.6342804834719686E-01   8.8337276362012211E-02
   6.5011502104826233E-01  -7.5337836907980566E-01   9.8850859430100364E-02   8.7504497219189278E-02
  -9.1816019474428607E-01   2.2464935342521981E-01   3.2636563053233058E-01   8.8050991538386984E-02
  -7.3479096608028902E-01   5.2529312363387905E-01   4.2912628727422159E-01   8.7504391579372473E-02
   4.9615540024137203E-01   7.6303101984522259E-01  -4.1426257562720216E-01   8.7111816471170921E-02
  -5.2962315258991887E-01   5.4174754643212761E-01   6.5269358214669548E-01   8.5639290771373044E-02
   3.0576554006664875E-02   8.1525351717764280E-01   5.7829644394078751E-01   8.8446794866459796E-02
  -9.8927012987672799E-01  -3.4260159643811607E-02   1.4202412328496216E-01   8.8694480365611756E-02
   7.8603572382953235E-01   4.4290699040719845E-01   4.3125542166124821E-01   8.9149440621626361E-02
  -9.0225822012860028E-01   3.2138342962840251E-01  -2.8747659969231618E-01   9.0069070909096797E-02
   1.0643147861410569E-02  -8.2724194103697143E-01   5.6174504394163013E-01   8.8337313928920142E-02
  -8.1615944865406238E-01  -5.2404981563452492E-01  -2.4342461894006834E-01   8.9149422584999591E-02
   9.9133905577263803E-02  -9.5220612553737247E-01   2.8892207124777385E-01   8.8876296736241435E-02
  -4.3230455535367884E-01   8.9105857333237068E-01   1.3830180877825923E-01   8.7501933033564078E-02
   4.7921398629888329E-01  -7.6470164986202346E-01  -4.3079617225995949E-01   8.7502011918435833E-02
   7.4900782741678959E-01   2.9363108683011148E-01  -5.9394280811821289E-01   8.7925421233567355E-02
   2.2942869614198651E-01  -9.2015261556268530E-01  -3.1730369909557802E-01   8.7546884975274803E-02
   5.6101977015765980E-01   5.2089564551173115E-01   6.4336967909527986E-01   8.7564875567589410E-02
   2.6743109424039528E-03   3.3467469915787240E-01   9.4232992831840540E-01   8.6895619758637554E-02
  -5.4576656409750370E-01  -2.7996771610926183E-01   7.8978284069088831E-01   8.7538227838365152E-02
   2.5641749531034112E-01   1.6344586413576278E-01   9.5264658588360298E-01   8.7925411336069672E-02
  -5.3767823371496694E-01   2.8148912328746838E-01   7.9477417576315714E-01   8.7494043701272694E-02
   1.9125765983827012E-02   5.8413604785568526E-01  -8.1143039299195134E-01   8.7924947717097889E-02
   2.2069696394867865E-01  -7.5900531873723444E-01  -6.1253879569577049E-01   8.7504350698392752E-02
   7.6053439151396826E-01   6.2578201103848352E-01   1.7315979321167276E-01   8.6923447735786982E-02
  -7.6408858999947684E-01  -2.9769766179247083E-01   5.7231523550916154E-01   8.7111811685535105E-02
  -7.4874659717989491E-01  -1.8955333184583146E-01  -6.3517561949249303E-01   8.7763879666518906E-02
   9.2503412009325494E-01   3.3496170484376368E-01   1.7919970131519993E-01   8.9149389219600845E-02
   3.4852612731157095E-01  -3.6747978160222540E-01  -8.6225758836601684E-01   8.7494003020509012E-02
