   0.0000000000000000E+00   0.0000000000000000E+00   1.0000000000000000E+00   7.3489966885534299E-02
   6.9922857189916776E-01   0.0000000000000000E+00   7.1489817753289202E-01   7.2052371489385746E-02
   4.7441631465873967E-01  -1.3299662645346441E-01   8.7019598811854876E-01   7.4093917602001191E-02
  -8.6486892210038384E-01   1.4640172135003686E-01   4.8017526338896985E-01   7.1561883014561509E-02
  -2.2711420095796666E-02   7.4503651342714540E-01   6.6663692146291690E-01   7.6064477324471289E-02
   4.4264816366562040E-01  -7.5544142035906531E-01   4.8308473750402409E-01   7.2052327680147518E-02
  -2.0829960848537312E-01   9.4758598590340383E-01   2.4226446793600215E-01   7.7778323833825675E-02
   5.0415695368353583E-01   1.4324770556953094E-01   8.5164890706299978E-01   7.2503220915926549E-02
  -4.0940614659353178E-01   7.7192475763676178E-01  -4.8633196037157784E-01   7.2614950743831689E-02
   3.1055271804780244E-01   8.9669684760016661E-01   3.1542316468047433E-01   7.7920499619078240E-02
  -3.2825361352834514E-02  -9.2357770917308350E-01  -3.8200354811265185E-01   7.3486510402287406E-02
  -9.4598813446309311E-01   3.2407480591286175E-01  -9.0537079463594487E-03   7.4719075771339378E-02
   5.2020869421499016E-01   7.3540098219254872E-01   4.3424452771839225E-01   7.3515538979296053E-02
   5.3256476549350022E-01   8.2990297052977073E-01  -1.6624027809383489E-01   7.7277012065879127E-02
   2.0604219948752073E-01  -2.0986425051904880E-01   9.5577382700324182E-01   7.6591620548525156E-02
   9.3477858414832510E-01  -2.3896145987365464E-01   2.6284295560791544E-01   7.6356357385767719E-02
  -5.2455388184108162E-02   5.1953379362034599E-01   8.5283824347698313E-01   7.2985936714725214E-02
  -4.7605279715555681E-01  -1.8707697049150484E-01  -8.5928804334291246E-01   7.4654373480246212E-02
   1.8076900317771592E-01  -8.0889310966446643E-01   5.5947699204478862E-01   7.2503354025922011E-02
  -6.2162259749825885E-01   2.7367162385301169E-01  -7.3395448672051415E-01   7.5785928505279116E-02
   4.8769577779310244E-01  -6.8829434001350078E-01  -5.3703233592416035E-01   7.7392241019934822E-02
  -2.5920133890006473E-01   8.3166008445609502E-01   4.9107654172735077E-01   7.2556454680578417E-02
  -4.5392979685155134E-01   1.8745935861135778E-01   8.7109513165860814E-01   7.5005621048112880E-02
  -5.4638979794009570E-01   4.4047839512277784E-01   7.1234610417762755E-01   7.2149002171824374E-02
   9.7119601093904570E-01  -9.1587165875384979E-02  -2.1997749744689758E-01   7.6851868935246665E-02
  -7.2352121729620098E-01  -6.1647430113348891E-01   3.1060663895705742E-01   7.4193449512922722E-02
   9.4652491099955877E-01   5.9039729238474034E-02   3.1718275998030693E-01   7.3200489641587598E-02
   4.7006991916560334E-01   7.5644181917749726E-01  -4.5478571360046222E-01   7.3423304222809457E-02
  -1.3209018514548656E-01   8.2563000292275532E-01  -5.4853193276417560E-01   7.4654323208698301E-02
   1.1454312047098347E-01   9.8868885079561366E-01  -9.6820606614597153E-02   7.3525098423081951E-02
   9.5989144058900048E-01   1.8558700808176386E-01  -2.1015680982359898E-01   7.4298956929304775E-02
  -3.0968183836193041E-01   4.2373927471376990E-01   8.5120043823639068E-01   7.1896921385152827E-02
  -2.7245660901417885E-01   6.4580901109683042E-01  -7.1323076026670975E-01   7.4646279664792949E-02
  -1.5902748386215956E-01   2.2224544445505660E-01   9.6193410470543412E-01   7.2355920515649794E-02
   6.7815584787214353E-01  -7.3110987849614392E-01   7.4719418909462316E-02   7.3200471733367136E-02
  -8.8371080327350099E-01   3.6732160790570804E-01   2.9005181010169330E-01   7.5115149632329858E-02
   4.6350813200056943E-01  -8.5668850364413895E-01   2.2637362764533515E-01   7.6592229407729428E-02
   3.4847085840871168E-01   9.3685713419595177E-01   2.9440973931651214E-02   7.3000421761432372E-02
  -9.9630120823575261E-01   6.0162091148433649E-02  -6.1354912245287582E-02   7.0800176423107634E-02
  -1.7233642330626075E-01  -5.0740449748313967E-01   8.4429901879363082E-01   7.3489951852261512E-02
  -5.2109652306843932E-01   6.6396621947800404E-01   5.3629028803258247E-01   7.7305178862259200E-02
   5.0915596084468823E-01  -4.8074428732881289E-01  -7.1389434634057300E-01   7.0801817213153404E-02
  -9.7142379094005946E-01   1.0906995163097694E-01   2.1080693548092814E-01   7.5115097425962549E-02
  -9.0169262624764954E-01  -4.2407528663975027E-01  -8.4324130781349655E-02   7.4791294270059562E-02
  -9.6032954597400070E-01  -1.7191540575156702E-01  -2.1957289540069289E-01   7.6553893694814609E-02
   8.2406198363632814E-01  -5.5688265763715705E-01  -1.0394014021703505E-01   7.2682047376778786E-02
   7.0671747475365016E-01   4.9767221900337883E-01   5.0286456756275512E-01   7.3034269354961960E-02
   8.7064817940161294E-01  -1.5217025188589543E-01  -4.6777768453148755E-01   6.7087920020538689E-02
   4.5934233640874762E-01  -8.8696346412216460E-01  -4.7962811583166891E-02   7.5392999530621782E-02
  -5.2364032409197935E-01  -7.7265522286463550E-01  -3.5889374132861013E-01   7.2219000962587376E-02
   3.0500192430850505E-01  -1.0707850929017781E-01  -9.4631285472421975E-01   7.4521039393310797E-02
   2.6256044911252249E-01   7.7111537433213293E-02   9.6182941385492917E-01   7.2607225677336559E-02
   3.0864861537261973E-01  -6.2106174680377170E-01   7.2042927403431651E-01   7.4093845076389639E-02
   1.1988851503295718E-01  -4.6352383926405842E-01   8.7793644097798999E-01   7.6591723425835409E-02
   8.1721241626617509E-01   1.8471088728442563E-01   5.4593566912137179E-01   7.6592074856666663E-02
   7.2030324266003713E-02   9.8115802959876159E-01   1.7927786628585851E-01   7.2219102764024016E-02
   8.7377695168112250E-01   4.4842805003288663E-01  -1.8821828459145049E-01   7.7392229712519604E-02
   6.0312958143701687E-01   5.3183774059875288E-01  -5.9446053331606663E-01   7.7820278230627080E-02
  -5.6340669240885166E-01  -6.1459939537523764E-02   8.2389051140364610E-01   7.1023546657267369E-02
  -2.2154707919203526E-01  -6.1181225079710008E-01  -7.5934357274955868E-01   7.2175393156296969E-02
   2.1579369046908030E-01  -8.3337528672141534E-01  -5.0884055914965511E-01   7.3972373881672170E-02
   3.3948176067241848E-02  -5.2761010556502405E-01  -8.4880804534792879E-01   7.3423314817879195E-02
  -5.5928131907547342E-01  -8.2411202856825340E-01  -8.9687069872511475E-02   7.4722345955472002E-02
   6.3056981822680366E-01   3.3111869820045987E-01   7.0195591887485973E-01   7.4122350730669959E-02
   4.7636151677291049E-02   2.7820223584065488E-01  -9.5934056154560600E-01   6.6507898262640932E-02
   7.3193585971446157E-01   6.2847732959585789E-01   2.6322261196202600E-01   7.5847281561009296E-02
  -4.0730839661988929E-01   9.1294236776265016E-01   2.5221086155463083E-02   7.2093234503750380E-02
   4.7004597278535173E-01   3.7884927351116348E-01  -7.9720136190822952E-01   7.4520956481682247E-02
  -3.2415893109725053E-01  -9.4510193416621994E-01   4.1271314798027871E-02   7.3581837317704898E-02
  -4.6026858341414103E-01   9.2845761771727719E-02  -8.8291137473869234E-01   7.4646275448686045E-02
   2.9518085560990998E-01   9.0956841599566082E-01  -2.9249540014254264E-01   7.2175450803077980E-02
   7.8998971290559527E-01  -4.0858943868304899E-01   4.5713337670750551E-01   7.2593187090375028E-02
  -6.8102763795792959E-01  -2.7791771752325007E-02  -7.3173012358403681E-01   7.2614986606833715E-02
  -6.4608629969552628E-03  -7.5712865093627810E-01  -6.5323385030228342E-01   7.7277063674062045E-02
  -6.4275695906285355E-01   7.6310431052086338E-01   6.7344657106193999E-02   7.6553908849590968E-02
  -4.7699653658521183E-01   8.2634584400011519E-01   2.9937743767600490E-01   7.4791253690421086E-02
   8.4537757309499212E-01  -5.0218172157098166E-01   1.8207217642469800E-01   7.6356457384044382E-02
  -6.8891002594362493E-01   1.8205950939639592E-01   7.0161051245879839E-01   7.7128099144788961E-02
   5.7696689226532704E-01  -5.3921869871585119E-01   6.1347567203995509E-01   7.6487187470203359E-02
  -8.6168788762433585E-01  -1.2193476539145695E-01  -4.9257070285436217E-01   7.4016843808165768E-02
  -8.1230935700331734E-01  -3.4246094461233198E-01   4.7209533988389082E-01   7.2149052951916026E-02
  -6.2274464840118604E-01  -3.0957701544230782E-01   7.1857579586117168E-01   7.5005701078488709E-02
  -8.8701352886045388E-01  -4.1339673929265909E-01   2.0569427692748813E-01   7.7305142775879573E-02
   8.4929864515296884E-01  -1.2734041922095071E-01   5.1232433962672914E-01   7.5384252118408436E-02
  -4.1928604731575882E-01  -5.4402579649675661E-01   7.2679786961190018E-01   7.2355914656145490E-02
  -8.2947319578437763E-01   5.5135096818182862E-01   8.9366254034797041E-02   7.0800351359898998E-02
  -8.1502582090262851E-01   1.5053841094527484E-01  -5.5952756687411575E-01   7.3939803622958679E-02
  -2.4922828631564599E-01  -8.2292819966334302E-01  -5.1056286537410393E-01   7.3000402154695169E-02
  -4.7944986463172147E-01  -4.3863209847859625E-01  -7.6008533039974333E-01   7.1512459161669816E-02
  -1.5185623372216152E-01   9.8753925350223852E-01  -4.1302627906246804E-02   7.2685388346670221E-02
   7.1893012620144949E-01  -3.3460114703414545E-01  -6.0924670376080172E-01   7.8154419043220926E-02
   6.6402075247561942E-01  -2.8290870687105002E-01   6.9212650856491721E-01   7.6487073981132329E-02
   9.4882791750700494E-01  -3.1487429704508222E-01  -2.4078206322016697E-02   7.2184638734538273E-02
  -3.7886988197863691E-01   3.8668454366132817E-01  -8.4079288544975465E-01   7.2732015154833353E-02
   4.7142058352156723E-01   5.7973680235276443E-01   6.6458097582610413E-01   7.7385662206908509E-02
  -7.4121844883892507E-01   4.2051633562405914E-01   5.2322196300817838E-01   7.5944211067468376E-02
  -2.8853957216898757E-01   9.1632456110124227E-01  -2.7765844848510075E-01   7.9222950533149552E-02
   6.7051978703970691E-01  -6.5371291465576577E-01   3.5080285118637437E-01   7.5384161523682520E-02
  -7.6146280994242365E-01  -6.4713471793914036E-01   3.7296727904973763E-02   7.2556403479157829E-02
  -1.1042565109854327E-01   4.8261443630784341E-01  -8.6884376124060729E-01   7.5979395418638464E-02
   2.0574906920567124E-01  -9.7731363639000576E-01   5.0253125745007221E-02   7.3034292161096043E-02
   6.9589613121347273E-01   6.3774643788454019E-01  -3.3016367990392501E-01   7.3879306158003448E-02
   2.6134578948196267E-01   7.7878297954868838E-01   5.7025910697271351E-01   7.3581913879314981E-02
   2.0293160321557350E-01   5.9353506552460402E-01   7.7880349922754010E-01   7.3226254522125016E-02
  -2.9281847434369208E-01   6.5163488140640684E-01   6.9973518020569089E-01   7.4193476483591149E-02
   3.4123350428201830E-03  -6.8589100319979063E-01   7.2769628808943389E-01   7.2607145741424501E-02
   8.7534283463973920E-01   4.7639342795462784E-01   8.2608859370560221E-02   6.8319662587033880E-02
   6.5020214624783454E-01  -7.2559438170975640E-01  -2.2527752272684908E-01   7.6289872371225380E-02
   7.2992890535703311E-01  -3.8504748125270062E-02  -6.8243767297541015E-01   7.3862584890777887E-02
   8.7470827924467329E-01   1.2404710240956757E-01  -4.6850586186793128E-01   7.8154395907679878E-02
   2.5692063367975466E-02   8.9820740044251650E-01   4.3882044582060313E-01   7.4722308868582372E-02
  -3.7784963380801195E-01  -2.9547322599305744E-01   8.7745383180678331E-01   7.6772749429654743E-02
  -2.2797151805201472E-01  -3.6793342371887121E-01  -9.0147322903543258E-01   7.8765431126340876E-02
   7.0878077645786703E-01  -5.5374748784427874E-01  -4.3702806618103320E-01   7.4298913769599490E-02
   3.6256047071416208E-01   3.7986598377871527E-01   8.5102981113669216E-01   7.2524697358775727E-02
   4.6476048849386666E-02   3.7940641773401626E-03  -9.9891219932502970E-01   7.7516719941470624E-02
   5.3667588330442947E-01  -2.1386376996563436E-01  -8.1623604684888579E-01   7.4104835444877918E-02
  -2.4956731337422191E-01  -7.4288162045129704E-01   6.2116266314937824E-01   7.9489364731497484E-02
  -9.4007500437373341E-01   1.1606952321621928E-01  -3.2060388633340783E-01   7.3750438821461195E-02
  -6.3528201248231530E-01  -5.3491522614995670E-01   5.5703003998829379E-01   7.1896892404171675E-02
  -5.8623624558122271E-02  -9.8085602275300143E-01   1.8570065501454671E-01   7.7385736910144542E-02
   4.0468357800676004E-02   6.8054907156981396E-01  -7.3158408484765491E-01   7.2814319471182038E-02
   3.8449780086309885E-02  -2.6895975733166830E-01  -9.6238363626331704E-01   7.2236976304889077E-02
  -8.8382281318923254E-01   3.8273567794938582E-01  -2.6901790964709988E-01   7.9520450904999293E-02
   2.6188257725389836E-01  -6.4009899541072936E-01  -7.2228165683826635E-01   7.3879275258087382E-02
   4.2658537237929587E-01  -8.4486926084121947E-01  -3.2283254507194398E-01   6.8319689143284252E-02
  -5.5168912109796188E-01  -8.1241864702771575E-01   1.8871951574708457E-01   7.6064461695055607E-02
  -2.2338290807623191E-01  -9.6290340418365047E-02  -9.6996301306880834E-01   7.2814324603758642E-02
   6.9508337100042751E-01   2.5252511960212049E-01  -6.7311973030703597E-01   7.4104850223585883E-02
   1.9399427011242815E-01  -9.5536861071585548E-01  -2.2279371809456987E-01   7.5847364636492287E-02
   8.7528738465618278E-01  -3.7396740242787491E-01  -3.0662742242514333E-01   7.6852013716747018E-02
   1.7751112235815760E-01   8.2590639291321501E-01  -5.3513403142038100E-01   7.8765390652555931E-02
  -9.0379784518895647E-02  -2.6397424528654811E-01   9.6028594302723977E-01   7.3209899376166749E-02
  -7.0321518764748249E-01   6.2970424335219856E-01   3.3009235944830841E-01   7.3519324641240615E-02
  -7.0027503036896199E-01  -2.9592771293026753E-01  -6.4964734322677752E-01   7.9222876930639243E-02
   8.7812215360228016E-01   3.4603656488205913E-01   3.3039397560718022E-01   7.5393129603029507E-02
   4.1292251205178018E-01  -3.9244560402537587E-01   8.2187678329662379E-01   7.2374741865040812E-02
  -1.0659453418196451E-02   9.4160565146356844E-01  -3.3654891648123625E-01   7.1512462755082371E-02
  -4.4588446310359479E-01  -6.6135920429243588E-01  -6.0315093339934016E-01   7.3525121464014118E-02
  -6.6600095831389092E-02  -8.8369777577825843E-01   4.6329544387982997E-01   7.2524669185321490E-02
   5.3234769763923281E-01   7.7853835647035714E-02  -8.4293814072756987E-01   7.4844320294812884E-02
  -7.4249765641935780E-01  -6.2523595865577714E-01  -2.4036893770941478E-01   7.7778438270327736E-02
   3.0176381116517707E-01   1.8452848831980768E-01  -9.3535439233986288E-01   7.4300307563516980E-02
   3.4802441386433162E-01   6.4250132948288918E-01  -6.8269396435526532E-01   7.2236967572966621E-02
   2.9183884668831927E-01  -3.8467725927227625E-01  -8.7570171506192764E-01   7.7820214091516088E-02
   2.0763107625178469E-01   4.7827068712666953E-01  -8.5331499811611717E-01   7.7516747026505958E-02
  -2.9104976868731320E-01  -3.9910778765045634E-02   9.5587507650604059E-01   7.6772760105918811E-02
  -9.7961614129403145E-01  -1.8409885780659241E-01   8.0373044427221991E-02   7.3519322780240186E-02
   9.7250598242309074E-01   2.2335463999961606E-01   6.5915240589267387E-02   7.6289721137611694E-02
  -4.8120289360740624E-01  -7.4281561516495866E-01   4.6547689206980322E-01   7.2985956365127719E-02
  -6.7039044594889798E-01  -5.3916321924699417E-01  -5.0978394736560250E-01   7.2685444126559071E-02
   7.3036096696342580E-01   6.8164640557638502E-01  -4.3943551302145511E-02   7.3972374534048128E-02
  -2.1067335851646968E-01   1.8746031961775454E-01  -9.5941407357834833E-01   7.5979347702509514E-02
  -7.8066165957660960E-01  -8.8081871671263787E-02   6.1871557047643523E-01   7.7128024968461996E-02
   2.0335457567325172E-01  -9.2671686256972378E-01   3.1597907079691127E-01   7.4122207733011808E-02
  -3.0664356653182185E-01  -9.2049477353944482E-01  -2.4219639756034867E-01   7.7920572716772067E-02
  -5.4395044838944359E-01   8.1356320993095661E-01  -2.0550623626489192E-01   7.4016737696842902E-02
  -6.6869567595688819E-02  -9.9311668228164915E-01  -9.6165047202482867E-02   7.3515501277663304E-02
  -9.2617049882149142E-01  -1.2403323736092677E-01   3.5612352231005188E-01   7.5944267485029079E-02
  -6.4767426466693089E-01   6.4325775943741891E-01  -4.0833503622846514E-01   7.3939765546775504E-02
   8.0506073927502086E-01   3.9047089121268392E-01  -4.4655312023714408E-01   7.0801854717175247E-02
  -7.5638270700082257E-01   4.1264786216886770E-01  -5.0754994079161406E-01   7.0910011090807651E-02
  -3.0333249455406918E-01  -8.9704309730829265E-01   3.2140796399459463E-01   7.3226243425613661E-02
   5.5796574716499822E-01   8.1586961694376114E-01   1.5175965583331336E-01   7.3486549858391843E-02
  -7.7068906389121032E-01   6.1478259984069261E-01  -1.6757303402280667E-01   7.3750377102155457E-02
  -8.4668478730534602E-01  -3.8069860816744348E-01  -3.7174378365356992E-01   7.2093145775194686E-02
   9.9754013997565920E-01  -4.6116582674387052E-02   5.2791381302049380E-02   7.2682259799706248E-02
   1.0820286305382951E-01   3.1049097053311824E-01   9.4439795512503970E-01   7.9489333594949931E-02
  -5.3025820424178515E-01   5.4266854597830018E-01  -6.5141161030493988E-01   7.5785840386799776E-02
