   0.0000000000000000E+00   0.0000000000000000E+00   1.0000000000000000E+00   2.6340023355127226E-02
   9.5324311758380257E-01   0.0000000000000000E+00   3.0220449827742918E-01   2.2753389240144952E-02
   8.7896775622945249E-01  -2.4480918682205214E-01   4.0924826884971317E-01   2.1883563255802847E-02
   3.8085830456462748E-01  -5.9090087596541058E-02  -9.2274336269191916E-01   2.4340268659986818E-02
  -6.4455587626712249E-01   7.6417336642415412E-01  -2.4223716013389533E-02   2.3108173623516310E-02
   3.3527675172498683E-02  -6.2113757124973805E-01   7.8298404363020326E-01   2.7046739437598272E-02
   7.1394454363135206E-01  -5.3623832636705150E-01  -4.5025731082802415E-01   2.6531563154337622E-02
  -5.8807667001297456E-01   6.8486172795018216E-01   4.3026764202707816E-01   2.6451872512940250E-02
  -7.8772968470421478E-01  -4.4255282402638469E-01  -4.2851947654928146E-01   2.7535322260826626E-02
  -9.4254255859673143E-01  -2.1042041596434195E-02   3.3342279124166158E-01   2.4676023208532025E-02
   8.0544099359582013E-01  -2.0415871633899524E-01   5.5640275374785090E-01   3.0093825161047615E-02
   9.8584731392487281E-01  -1.6540666323961785E-01  -2.7307679927979005E-02   2.8370236286914209E-02
  -2.9816687928941171E-01   8.0887808054122203E-03   9.5447948313198196E-01   2.5965780073293003E-02
  -4.0358141559738900E-03   5.8602649002689464E-01  -8.1028184305885595E-01   2.2327901600980117E-02
   3.1913819718629277E-01  -1.7321340538024090E-01   9.3174456118255033E-01   2.5439694729219231E-02
  -5.5101485522878332E-01  -2.6289121398336146E-02  -8.3408123789790789E-01   2.6805425154224109E-02
  -1.1868335685411453E-01   4.4743346543761539E-01   8.8640710444599051E-01   2.9635674387702879E-02
  -5.4042653664958457E-01   1.8966840918532184E-01   8.1973474553787486E-01   3.0820971347686754E-02
  -2.8307008144676011E-01  -9.5534033693569817E-01   8.4830239969668888E-02   2.4561301136759694E-02
   6.1343676007025731E-01   7.8242808657810050E-01  -1.0724565598772786E-01   2.6866299796808856E-02
   7.9420751641361846E-01  -5.8292089886283857E-01  -1.7157402641732256E-01   2.6560013001402573E-02
   4.7375511050796168E-01   8.0448549830051589E-01  -3.5827249167604207E-01   2.6187584279955111E-02
   1.8578626226442393E-01   9.1464244224892112E-01  -3.5904410257062249E-01   2.5553903078402857E-02
   8.1302681685892395E-01  -4.9323338191011192E-01  -3.0936746118129390E-01   2.3018617120933684E-02
  -8.4854465342946330E-01   3.0891239990708068E-01   4.2958712774001970E-01   3.0816090171061869E-02
  -7.5604249978845219E-01   3.2014229311792763E-01   5.7088409565412092E-01   2.1715151287817757E-02
   7.5197945378011947E-01   3.8685922493647705E-01  -5.3372918336371810E-01   2.6933437065941241E-02
   1.6224737326927495E-01  -9.2651050662738132E-02   9.8239074337979754E-01   3.0637906086597359E-02
   8.0898933631763050E-01  -3.9124181078059869E-01  -4.3870958414591072E-01   2.8449381943074584E-02
  -4.1094652474324107E-01   2.8329126079593663E-01   8.6652698478356775E-01   2.3967759156143562E-02
   7.5003063281124395E-01   2.9773770379932212E-01   5.9059826411958917E-01   2.7738974825081421E-02
   2.0301367845253697E-01   9.1930757623185428E-01   3.3713354422822350E-01   2.7746472729087243E-02
   5.4804014925477595E-01  -6.0050039934895149E-01   5.8228108778025138E-01   2.3968112394957725E-02
  -9.5975002743546511E-01   2.4088355239483201E-02  -2.7982072114030520E-01   2.6844255360387974E-02
  -5.1542191657111793E-01  -8.0414521449484386E-01  -2.9612619256525945E-01   2.6136389362468941E-02
  -5.7427461587690329E-01  -8.1863151261056970E-01   7.1492741145909137E-03   2.6302584796850094E-02
   7.1687543431314768E-01   6.3033702525292722E-01   2.9793429858548767E-01   2.5683042668524209E-02
  -9.1348988958925119E-01  -3.3779387026581653E-01   2.2678519093860232E-01   2.3620889674721912E-02
   4.6036176801487513E-01   7.4308780795979236E-01   4.8568256321565534E-01   2.6982451055889682E-02
   8.7242603317280860E-01  -2.1614342364323402E-01  -4.3835469320875164E-01   2.5001111960529334E-02
  -6.7544946614445402E-01   6.4954272829266042E-01  -3.4908775803127096E-01   2.6480426833217705E-02
   7.0525140169311315E-01   5.5336844522196892E-01   4.4317471074342664E-01   2.7258539952015889E-02
  -5.3524902055220131E-01   7.8806463606933396E-01   3.0407666035856371E-01   2.8448470618586547E-02
   1.6168569636447605E-01   8.4435057576805832E-01  -5.1081292151949595E-01   2.7863943720302755E-02
   2.2752147129502264E-01  -1.0961174050023281E-02  -9.7371137035735237E-01   2.7378940940478768E-02
   8.8889183141757825E-01  -4.2375533046683360E-01  -1.7407679897116723E-01   2.9589805443942154E-02
  -8.4401454097042769E-01   2.6858224141996589E-01  -4.6422304361621824E-01   2.4404826142315361E-02
  -9.7272865409212432E-01  -2.2479001685822828E-01  -5.7170043108273258E-02   2.5044263954765129E-02
   3.4652008857629414E-01   9.0386467224319471E-01   2.5090333294673343E-01   2.5658813764581509E-02
   7.3605840470230514E-01  -1.8792651800145637E-02  -6.7665712226017120E-01   2.4404775449755704E-02
  -4.2680966414046936E-01   9.8751933888466716E-02   8.9893357160003066E-01   2.3253635634740628E-02
  -6.8154859731971271E-01  -3.9178988160007861E-01   6.1805517404785828E-01   2.7462661665798124E-02
   5.4978016816322670E-01  -2.6850210344404139E-01  -7.9097938477594942E-01   2.3184122875796151E-02
  -1.5447082909576757E-03   1.9599827425521178E-01  -9.8060302384057269E-01   2.7321672582695866E-02
   8.8655439349659825E-01   7.3671713639552161E-02   4.5672068705204358E-01   2.7353209784930738E-02
  -3.9593319965097407E-01   9.0919673074838218E-01  -1.2883402582623790E-01   2.4465128891930811E-02
   4.4593482172215264E-01  -5.5069109657730983E-01   7.0560715056333727E-01   2.9669851736260110E-02
   2.7096825048652180E-02  -4.8072003464100161E-01   8.7645536701365287E-01   2.2581011189393698E-02
   2.7232918789943507E-01   3.0369917263356782E-01   9.1301896254115142E-01   1.9012658250437539E-02
   6.2475564335063760E-01   4.5696881706458869E-01  -6.3313496691631341E-01   2.5700924470866599E-02
  -6.7157479615821671E-01   5.5030810289283484E-01  -4.9613333394919019E-01   2.3184227917549260E-02
   9.5186405049833062E-01   2.4900291006648647E-01   1.7875228711077437E-01   2.3621123182474383E-02
   2.9775151453437223E-01  -3.5650670860186690E-01  -8.8557721420232518E-01   2.3397867147058009E-02
   6.9342824867581951E-02   9.9507295457698461E-01   7.0861750675625527E-02   2.6503365756858952E-02
  -9.7327551717132738E-01  -1.9673647855138467E-01   1.1844629872683158E-01   2.4804475406937647E-02
   9.8570700442159946E-01   1.6797188961510380E-01   1.2928485345472058E-02   2.4804397952422232E-02
   4.7127943190068624E-01   8.1675831424782305E-01   3.3286867256385157E-01   2.6190301245409122E-02
  -6.0123161748722173E-01   1.2652450839999040E-01  -7.8899435416727783E-01   2.4718834569000347E-02
   9.4695770661323734E-01  -1.6449590538823219E-01   2.7606557010301662E-01   3.0180760049834325E-02
   4.4480560890026961E-01   2.3541894850401283E-01  -8.6413302736102224E-01   2.4718761454549094E-02
  -2.1198644567619666E-01   9.7495417998948923E-01   6.7276249676951307E-02   2.2866388537637827E-02
   2.1635220889906139E-01   5.4702802672627681E-01   8.0867302395990225E-01   2.2406438947404678E-02
  -2.3149265115630255E-01   9.0854425485005521E-01   3.4779087026485373E-01   2.1419618381930733E-02
  -1.1934759076317664E-01   7.5998345269283245E-02  -9.8993959618521980E-01   2.4383096961639307E-02
  -8.3843812234480168E-02   6.0234757710146213E-01   7.9381837438420843E-01   2.4513909410196896E-02
   7.9149399975341268E-01   4.0359125091905241E-01   4.5896770097245314E-01   2.7515243491637968E-02
   5.8908197108807103E-01  -2.7725806127815566E-01   7.5901936654822685E-01   2.9330713632616109E-02
  -5.5181420828416616E-02  -9.5709904261784135E-01   2.8445814000546505E-01   2.2962651313733974E-02
  -5.2952178177178543E-03  -2.5348693694180801E-01  -9.6732431659093673E-01   2.5644093881161418E-02
   1.4957711654501353E-01  -7.0559177234793928E-01   6.9265210387392404E-01   2.3236044082910534E-02
  -6.7609164416088667E-01  -7.2470248473350826E-01   1.3306538737368205E-01   2.5683182027130118E-02
  -3.9759234554479672E-01   4.0447459932044713E-01  -8.2360222514800831E-01   2.7378815254584432E-02
   8.1872264250874842E-01   5.2593299773448798E-01  -2.3040771805108275E-01   2.5574507239522912E-02
   4.3894458271708698E-01  -8.5114236352925978E-01  -2.8789638814884050E-01   2.3589094034520527E-02
  -3.6682625332379452E-01   9.2951980791366342E-01   3.7834198400042025E-02   2.6006327980107699E-02
  -9.9405482926666852E-01   9.2146362279630622E-02   5.8000382156030738E-02   2.4315913997575271E-02
   1.9741466885105802E-02  -9.0450702806736558E-01   4.2600153833286356E-01   2.9408501490774799E-02
   8.4094401494091410E-01  -3.9670628552999879E-01   3.6801805221489711E-01   3.0387914037620915E-02
  -1.1337484500759458E-01   8.7667901995071986E-01   4.6752544369023283E-01   2.4741940193238365E-02
  -1.1698284343903526E-03   8.1787961948237803E-01  -5.7538818161028881E-01   2.5024178502181739E-02
   7.0949378526648612E-01   8.2339577165919433E-03   7.0466358683314602E-01   2.8993793060114484E-02
   7.4800666842186869E-01  -5.2270779401975282E-01   4.0897748846045320E-01   2.2151425545318454E-02
  -3.8873423354589874E-01   8.5971359463340881E-01   3.3132798081657015E-01   2.5976813187399554E-02
   2.0506816685919675E-02   9.0199211721075336E-01  -4.3126522113320522E-01   2.4792348677762907E-02
   3.2598360202570306E-01  -6.4529705225530769E-01  -6.9088812810827695E-01   2.7475674704567305E-02
  -1.5806930173273103E-01   6.3148139890065548E-01  -7.5910825228830045E-01   2.5643910994605607E-02
  -1.4009957878448102E-01  -2.4105097218845967E-01   9.6034709185346596E-01   2.5439155732478861E-02
  -1.6575324389362080E-01  -9.0191835237871860E-01   3.9883473743042934E-01   2.7990564138613605E-02
  -8.8829053912544253E-01   3.2539229910193401E-01  -3.2412924858054408E-01   2.8209356909387945E-02
   3.1443877706761576E-01  -5.1091587130504176E-01  -8.0005826533123958E-01   2.7080891378811111E-02
   6.6877773946498049E-02   9.9177275749933713E-01  -1.0915200792528865E-01   2.5282043023810216E-02
  -6.8460676730582701E-01  -2.7190694878683170E-02  -7.2840527199566560E-01   2.5869356747260154E-02
  -3.0157191515767274E-01   6.6387679923290701E-01  -6.8434054054133310E-01   2.7726976023293823E-02
   9.9997763679598872E-01   4.1078025834072473E-03  -5.2774866978010805E-03   2.5065027150623300E-02
  -6.3447499607061548E-01   2.7979940714676461E-01  -7.2052326202664112E-01   2.6462801867436787E-02
   8.9243830609162202E-01   1.3165848162316233E-01  -4.3153205447220193E-01   2.6844385180045491E-02
   3.2926657011519466E-01   5.3336251698871661E-01  -7.7917132344307713E-01   2.4806503672477844E-02
   2.5720424599103726E-01   6.6076524222074688E-01  -7.0514911225721590E-01   2.5474974377536008E-02
  -6.2913771459601610E-02   3.4572937693140914E-01  -9.3622275943674253E-01   2.4383118430626442E-02
  -9.1648105228909599E-01   1.4431174578012786E-01   3.7314420915373061E-01   2.4775816506656811E-02
  -5.5568507687294497E-01   7.6602087682399409E-01  -3.2315029260470762E-01   2.3727605187287341E-02
   5.4274336579325135E-01   5.0975698191545752E-01   6.6751588615991517E-01   2.8554235341209984E-02
  -4.0501440525571483E-01  -3.1875096587529561E-01  -8.5694874601047512E-01   2.5475339579209945E-02
   5.9531832029567901E-01  -1.1121210391235591E-01   7.9575622238454339E-01   2.3856687345711842E-02
  -7.2525679628237051E-01   6.7972972111280061E-01   1.0940788674563837E-01   2.8525129739020744E-02
   4.1307024674238608E-01  -2.3112303984567694E-01  -8.8088314304945001E-01   2.7509065690018781E-02
   7.9858017461951043E-01   2.2470200858646465E-01  -5.5837148211730927E-01   2.6030082829762464E-02
   5.7991890444880835E-01  -7.5417060673347187E-01  -3.0809212940638532E-01   2.7027389076236181E-02
  -5.0215944440359834E-01   2.6817534426594438E-01  -8.2214224871618881E-01   2.6731137438677037E-02
   1.1787645502859096E-01   3.1243615858465076E-01  -9.4259683224523911E-01   2.6464127870777640E-02
  -4.3234367692040436E-01   7.8372042499987646E-01  -4.4593860616115987E-01   2.7080806265066059E-02
  -6.8415856515394164E-01  -7.6466852412044925E-02   7.2531364126748254E-01   3.0093774312371954E-02
   3.3592269386461222E-01   1.1646787711960731E-01  -9.3466099594772540E-01   2.6731206076790439E-02
   2.6972135492555739E-01   6.6135533328910547E-01   6.9989964554011443E-01   2.7990284338016890E-02
  -1.1851706225560974E-01  -9.8493207445045829E-01   1.2594647542911594E-01   2.6542378762673712E-02
  -3.6854540101270187E-01   5.9986854038153269E-01   7.1016337673307008E-01   2.4972758340085960E-02
  -2.8351743915968414E-01  -5.6245777462861603E-01  -7.7669756884656191E-01   2.7864011048042391E-02
   3.0804857166215531E-01  -8.9677197910488342E-01   3.1765719728854939E-01   2.9205054450386711E-02
   2.6645033584660988E-01  -1.8559902010693820E-01  -9.4581035216504858E-01   2.6407650694940594E-02
  -1.5205828650589499E-01  -3.4818253484102887E-01  -9.2501199988787536E-01   2.8742790967548872E-02
   7.1566511212061891E-01   1.4454056548542794E-01  -6.8332384139771873E-01   2.6205946114681752E-02
  -4.2880891762868831E-01  -5.9826547768103131E-01  -6.7690570272173093E-01   2.5177015499957771E-02
  -2.4110262386629766E-01   3.7530598112748272E-01  -8.9499438282858747E-01   2.5893160264691639E-02
  -8.3156344552570331E-01   1.2362737298344348E-01  -5.4149654543185521E-01   2.6205872996235277E-02
   7.1014234661487387E-02  -9.5665997214148017E-01  -2.8241578599240085E-01   2.5652373347242467E-02
  -8.4997531187039978E-01  -1.6011273493199231E-01  -5.0190226271995843E-01   2.6933347978236343E-02
   7.7633991959298889E-01  -3.6582471976576584E-01   5.1329192829680314E-01   2.3055315467618640E-02
  -9.4492831833570427E-02  -9.3688419982207786E-01  -3.3662902556941993E-01   2.6503335581817406E-02
   1.7486351473579489E-01  -6.0933810892228921E-01  -7.7338853122428243E-01   2.3655065386207558E-02
  -2.3040690842380850E-01  -9.4093883968450047E-01   2.4808618769243970E-01   2.6982348712732791E-02
  -7.6191658585754398E-01  -6.0905271522606767E-01   2.2031320040101673E-01   2.4344568126849059E-02
  -7.9056429100309886E-01  -6.1086759671911652E-01   4.2998617063555997E-02   2.8899174656016093E-02
   1.5599827502977707E-01   4.1484687574641618E-01   8.9641876813862584E-01   2.9519051420586555E-02
   2.3807105692544427E-01  -9.5482845185211004E-01   1.7783362839492635E-01   2.4472681411059555E-02
   1.8177677767404301E-01  -5.6233549167077878E-01   8.0668209221838118E-01   2.8292633098487499E-02
   1.4789338857144940E-01  -3.0829555947498832E-01  -9.3972410505682901E-01   2.7726923593651839E-02
  -9.9137123091891794E-01   6.3382712025072267E-02  -1.1474194665708128E-01   2.5669403103170709E-02
   6.3649997303430270E-01  -6.3414606721500712E-01   4.3900632086915534E-01   2.4752486910692956E-02
   7.9603152750042438E-01   1.2689730048083291E-01   5.9180307734585033E-01   2.7462351576977459E-02
  -6.4160691686127044E-01   2.7651829953087436E-01   7.1545663338900453E-01   2.2151181960424337E-02
   1.7767732061325871E-01   8.4804916349598560E-01   4.9924281270084627E-01   2.6542089076799832E-02
  -8.3531024913967719E-01   5.4479234460903880E-01   7.3878880186402167E-02   2.3018681351458250E-02
  -2.7409730029794783E-01  -8.1955287023007308E-01   5.0319356401590180E-01   2.5602335936750977E-02
   9.4478295757375470E-01   3.2634141140154513E-01   2.9773247767689504E-02   2.8329791122773219E-02
   4.0777248805490682E-01  -9.0376087413120025E-01  -1.3014561220079539E-01   2.5977002943526277E-02
  -6.1172548673135818E-01  -7.7387120247262046E-01  -1.6405880307640721E-01   2.5275629801866545E-02
   4.2303249276614129E-01   2.6659467476395719E-01   8.6600853890222388E-01   2.7381170548207256E-02
   6.5865557818500519E-01  -1.4096131911577012E-01  -7.3912295042091518E-01   2.6463568434007327E-02
   1.7156534845963323E-01  -2.5682706847646006E-01   9.5110734836069497E-01   2.2978848561371614E-02
  -5.2136683180972820E-02  -7.9239659826276396E-02  -9.9549125690661028E-01   2.7824820212303333E-02
  -1.3394613591564321E-01  -5.0524575182676532E-01  -8.5251695756405609E-01   2.5024414346775509E-02
   4.5113918816503701E-01   7.3310958215505515E-01  -5.0894378221394127E-01   2.6968366667234251E-02
   5.8785081798340597E-01   1.9441376827817990E-01  -7.8526091364597956E-01   2.7021405773072904E-02
   8.2552197552971016E-01   5.6188498786036698E-02  -5.6156595384842935E-01   2.5202590711537045E-02
  -2.7124622434829532E-01  -6.1780022713389373E-01   7.3807070469576530E-01   2.7381831616709537E-02
  -5.4599836526532650E-01  -7.1312119857784868E-01  -4.3970892789035280E-01   2.5222460102414214E-02
   8.0244269691195295E-01  -1.2675671114203768E-01  -5.8311101374706151E-01   2.8209381326508058E-02
   8.5090369968130357E-01   2.3798795134679755E-01   4.6832107456575577E-01   2.2960613627563266E-02
   2.1623546186997666E-01   9.6329631074504096E-01   1.5906741569181046E-01   2.6099830361544547E-02
   8.0881807869529893E-01   5.6863212009082362E-01   1.4990272704877836E-01   2.8898872964735712E-02
  -2.7473539330550442E-01  -7.9887225838176876E-01  -5.3509212146440932E-01   2.5543218541984695E-02
   2.5423001611466284E-01  -9.6114766793796100E-01  -1.0752794671041245E-01   2.1419289539260524E-02
  -2.9044111946806999E-01   1.9090655313147896E-01   9.3765593054893656E-01   2.9669995359387723E-02
   1.6080062656945042E-01  -9.8641256617314407E-01   3.3666122298014835E-02   2.4742177390875483E-02
  -8.5850061365045302E-01   5.0579969046344608E-01  -8.4518456498434098E-02   2.8449295239928078E-02
   1.8221802804007690E-01  -9.0607642411510287E-01  -3.8186660487659022E-01   2.2866551908090162E-02
   2.2451923210666073E-01   4.3825020501720262E-01  -8.7036077129924418E-01   2.5456922726267618E-02
  -7.1642024041364438E-01   5.8169111081172708E-01   3.8519798899822275E-01   2.8948893712567098E-02
  -8.2220050416733911E-01  -4.7142414041884368E-01   3.1897587804930904E-01   2.6948384623532470E-02
  -4.3400446292502472E-01  -7.6135856567177970E-01   4.8163602506391800E-01   2.8554524898524210E-02
  -6.9316660827522582E-01  -2.3641038526974127E-01   6.8090394543491381E-01   2.2764443142921182E-02
  -7.7116630341339700E-01   6.0010407122557518E-01  -2.1255031446273200E-01   2.3499544629044004E-02
   5.5730214348737030E-01  -8.1461597830350527E-01   1.6067087090386236E-01   3.0658627875504822E-02
  -2.3420986567013528E-01  -4.8783102847483323E-02  -9.7096135232013693E-01   2.6233111636759840E-02
   2.0558358368947162E-01   9.5887417460727970E-01  -1.9569289049069272E-01   2.5543267590082696E-02
  -4.3570974942632672E-01  -8.9905841386183311E-01   4.3023048695933416E-02   2.6190209909369928E-02
   7.1224096746076135E-02   9.6752866047474519E-01   2.4251890483558327E-01   2.4514723095525692E-02
  -9.3623734126139517E-01  -3.4611453610228153E-01   6.0534029491652212E-02   2.8329881412972795E-02
  -6.6360910453744885E-01   7.2381429840794808E-01  -1.8898628996627031E-01   2.8311154319967069E-02
  -1.3274632254317819E-01  -6.4229147761154736E-01  -7.5487752095213274E-01   2.4792190063519599E-02
  -9.7399320053264357E-01   2.2201715153354522E-01  -4.5228638506020635E-02   2.7521135618447400E-02
  -2.8081273963240072E-01   5.2467266717033922E-01  -8.0365589501011438E-01   2.4465199657174712E-02
  -4.9556675663711393E-01  -8.0240840911811837E-01   3.3249711982617489E-01   2.6352834966510720E-02
   3.3634777022876898E-01   4.3179794795017922E-01   8.3691141084833429E-01   2.9184861362532391E-02
   9.8332080881013403E-01   8.5114095595544636E-02   1.6073511654873824E-01   2.9017609152718604E-02
   1.4046856345327474E-02   8.2703045062564264E-01   5.6198160073507779E-01   2.8967631554694207E-02
  -2.6539502438728597E-01   9.3033454759525824E-01  -2.5306740323715732E-01   2.6740913070715492E-02
  -5.9569384275382573E-01   7.9066986714922364E-01   1.4138602083448450E-01   2.7027311338353912E-02
  -5.3731780536661810E-01   4.2110806926028221E-01  -7.3072400401237569E-01   2.4340403811953783E-02
   7.0527643616031561E-03  -4.1532204238357675E-01  -9.0964710719333030E-01   2.4017836311871714E-02
   4.4043776241895038E-01  -3.9637543650898262E-01  -8.0554397196410185E-01   2.7727497718657407E-02
  -5.6337033627267265E-01  -4.7342780848239831E-01  -6.7711149330340658E-01   2.6968394156816266E-02
  -5.7161579422817530E-01  -3.2725864137425371E-01   7.5243416019926288E-01   2.8993720896741951E-02
  -1.4471387887721727E-01   2.7431096354968653E-01   9.5068995394752793E-01   2.5700884494981424E-02
  -1.5353806361163395E-01   7.5425580614425893E-01  -6.3837625419501931E-01   2.4017896557849636E-02
   9.6211094832931216E-01  -2.4989109051072313E-01   1.0907321388972328E-01   2.4775775692847679E-02
  -2.3995062933753379E-01   9.6616881546617321E-01  -9.4559587040201051E-02   2.6739133509259169E-02
  -4.2402004053983883E-01   5.5018392332402266E-01  -7.1937796445010695E-01   2.6407566571187222E-02
  -7.4902521255932050E-01   2.7590666566023234E-01  -6.0235931369467312E-01   2.4702671533426059E-02
  -1.2417291770161640E-01  -8.5920366125865239E-01  -4.9633673548226751E-01   2.5281969858259110E-02
  -8.7436599696487036E-01  -4.8525979400605807E-01  -2.6524842745216221E-03   2.2121569019095526E-02
   6.2044418491010207E-02   3.9008561558271036E-02  -9.9731079521845487E-01   2.5893212232001330E-02
  -6.4324055874748058E-01  -5.4483027743970957E-01   5.3796054908069068E-01   2.7738936693202163E-02
  -9.8870904967173540E-02   9.7681032649187304E-01  -1.8991084805722042E-01   2.4902110895131777E-02
  -2.5117330558402977E-01  -8.8900164290082841E-01  -3.8286818812956928E-01   2.6426189806406750E-02
  -3.8784009963023651E-01   4.5444173068057782E-01   8.0191194687125673E-01   2.9578616592018791E-02
  -9.5568848693946346E-01   1.9494797441377931E-01  -2.2057833801922459E-01   2.5875179774485603E-02
  -5.2224367284720578E-01   3.6977804109524523E-01   7.6845673039854611E-01   2.4752767827352823E-02
  -5.4553434908364337E-01  -3.2908357932350056E-01  -7.7077640842822816E-01   2.5356761021948512E-02
   4.1117744199816952E-01   6.3996648835236324E-01  -6.4913481263739551E-01   2.5356861036135800E-02
  -9.2020520433655796E-01  -3.7282282476632029E-01  -1.1927079795647779E-01   2.5220106049694646E-02
   9.3233247130418082E-01   1.6550586712803054E-01   3.2150267634661666E-01   2.7455730178954023E-02
   3.9168718799620245E-01   5.4747152479260465E-01   7.3949717802090910E-01   2.5602231643966626E-02
  -7.4524383558416262E-01   1.7527373490277929E-01   6.4334341014502971E-01   3.0387874536221564E-02
   1.3692868808560423E-01   7.4634158856441255E-01  -6.5132539299362832E-01   2.4498634627374320E-02
  -6.5292299997341416E-01  -6.9106659016606473E-01  -3.1002987607965337E-01   2.6866235482070663E-02
  -2.1079031804445147E-01   6.7173443667249888E-01   7.1016919702772209E-01   2.9204869084697598E-02
   6.8845076331317436E-01  -7.1202740069334966E-01   1.3803089203283303E-01   2.2194826045574398E-02
  -3.5333019579986846E-01   2.5175127036105440E-01  -9.0098783044368691E-01   2.4307679685525926E-02
   9.6483540733426487E-02  -8.2442484504895716E-01   5.5768683078726564E-01   2.4407869480619797E-02
   1.7910831156291093E-01  -7.3068588356234185E-01  -6.5880069238867910E-01   2.6741005818648848E-02
  -5.6168011215945465E-01   6.7690296510443213E-01  -4.7572873303740044E-01   2.7727443848343016E-02
   6.1765661363105275E-01   2.8054731307834979E-02  -7.8594735172851484E-01   2.4702580015233910E-02
   6.7601643129407404E-01   4.5824214845532784E-01   5.7707531397510827E-01   2.3083152623751375E-02
  -6.4522222996602263E-02  -9.8303369377527616E-01  -1.7170218298586982E-01   2.4515026929227072E-02
   1.1717879471853609E-02  -1.6725941586858743E-01   9.8584328323724061E-01   2.2979220799877846E-02
  -6.5693198440914191E-01   8.9536408086374841E-02   7.4861445316481649E-01   2.3055572063079838E-02
  -4.8715114652328992E-01   6.5230220736681339E-01   5.8067683844409270E-01   3.0658586636971971E-02
   3.4372896540523760E-01   8.9735012651662344E-01  -2.7679080328299408E-01   2.6717249362527795E-02
  -8.2877905776167253E-02   9.8410393795398096E-01   1.5706906773016680E-01   2.5652840471716888E-02
  -4.3231866488414079E-01  -8.5464198935535460E-02   8.9766165268050812E-01   2.9331000602348522E-02
  -1.2389359331462936E-01   4.8654987341796314E-01  -8.6482344915742963E-01   2.7824839008738599E-02
   1.6318500254442169E-01  -4.6701391949321227E-01  -8.6906193907233362E-01   2.6967586270392911E-02
   5.7667215761294778E-01  -4.4550623205373014E-01   6.8481634022219068E-01   2.3253413047874138E-02
   3.1163986676926942E-01  -1.2342720772153406E-02   9.5012012434427077E-01   2.2980574311865296E-02
  -4.8411663211039837E-01  -1.7506230758547323E-01  -8.5731223890536778E-01   2.4806444118980959E-02
   8.1261493118387964E-01  -3.9971236520457811E-02   5.8142864899146839E-01   2.2764658130769293E-02
  -7.4052420115032742E-01  -6.5116148633962893E-01  -1.6617047336586157E-01   2.5892523635553730E-02
  -6.8485094415742331E-01  -4.6531811133642007E-01  -5.6076576174815890E-01   2.4841840267004422E-02
   5.4364414866984454E-01   3.5335549601583067E-01  -7.6130869760724930E-01   2.5869406189039754E-02
  -4.4969026169742676E-01   8.7600449327155534E-01   1.7434103447710011E-01   2.3589101092258379E-02
  -7.7431842675010633E-01   4.0858331507572991E-01  -4.8320870091190135E-01   2.6463440396636896E-02
  -4.4537205573334084E-01   7.6664713912195043E-01   4.6248880640290801E-01   2.3034185348645479E-02
   4.5837104689205077E-01  -5.4086084260884481E-01  -7.0524147091867463E-01   2.3727549347679701E-02
  -4.3572219519341111E-01  -4.0799444086401583E-01   8.0230088173944693E-01   2.6328629035214743E-02
  -8.6672739375795675E-01  -4.1485827941185018E-01  -2.7690473616928095E-01   2.5574401882253154E-02
  -4.0080747847565483E-01  -8.1480523058590463E-01  -4.1886250895471439E-01   2.6070346840301006E-02
  -9.6704366524233762E-03  -9.9995039749594170E-01  -2.3843663015137170E-03   2.3924285618543277E-02
  -8.3005245500411728E-01   4.4552323625356962E-01   3.3544294283794950E-01   2.2750195287678027E-02
  -1.8175291368579637E-01   2.2812847191099780E-01  -9.5651621976330147E-01   2.7321765905907704E-02
  -1.6475932826811048E-01   7.8519939656660557E-01   5.9692233278717230E-01   2.4472884068629339E-02
   9.8398469010760010E-01  -6.8846683053438173E-02  -1.6442099581984505E-01   2.4315853753612732E-02
  -9.5809021877223194E-01   2.6023880390090474E-01   1.1974513617347055E-01   2.5389712385308680E-02
  -5.1242016790862638E-01   5.1966061666991416E-01   6.8365079902150309E-01   2.3335651262417824E-02
   1.3159566802918867E-01   2.3907197377075073E-01   9.6204322746605779E-01   2.7046176288522763E-02
  -7.4639756050889696E-01   4.5596604880644076E-01   4.8475317843435528E-01   2.5879644317024643E-02
  -5.0679595476983338E-01  -6.2888890020841081E-01   5.8962412724004824E-01   2.7393605779610878E-02
  -2.9283829832542487E-01  -3.2697948187415004E-01   8.9851552544582204E-01   3.0249799009897322E-02
  -2.8741635725295751E-01   8.2779923126454555E-01   4.8180937132985262E-01   2.9897693263035240E-02
  -7.2612280908550737E-01   1.2552315891619638E-01  -6.7601006109485615E-01   2.7021366396255097E-02
  -1.2203458892546250E-02   1.6997341185185598E-01   9.8537308409276995E-01   2.8292786571144912E-02
  -2.8720918172565411E-01  -4.7737304815526862E-01   8.3043714923372000E-01   2.2723612457712207E-02
  -8.6545446198209283E-01  -3.2024958715744893E-01   3.8526455347043015E-01   2.7455909589574125E-02
   5.2485481466117231E-01  -1.0394859392330857E-01  -8.4482075811875834E-01   2.7207378087392033E-02
   5.7816696159686378E-01   6.1128778487265780E-01   5.4041669902338327E-01   2.6352749887919815E-02
  -3.3529656543469070E-01   7.2491274325884722E-01   6.0172894883712624E-01   2.3490218544757786E-02
   7.2387957475129418E-01   6.6555522407656200E-01  -1.8175424331300440E-01   2.4002786203871613E-02
  -6.2394544904970423E-01  -1.7953387545467651E-01  -7.6056535825291682E-01   2.6600209679642046E-02
   1.4915031843588975E-01   7.2917404361077995E-02   9.8612232235748304E-01   2.2581591491477972E-02
  -7.4545528479288201E-01  -1.7768908835716510E-01  -6.4243521560789504E-01   2.5700906895133179E-02
   5.9933667576677684E-01  -6.5954706424775890E-01  -4.5364437516957281E-01   2.3108107200246861E-02
   7.2374912406143998E-01   6.8997400225584923E-01  -1.1094216121188162E-02   2.5892313947656271E-02
   5.7602836426629755E-01  -4.1950777944380197E-01  -7.0157290893165482E-01   2.6480395433112433E-02
   7.2851193247479981E-01  -6.2689689202382083E-01   2.7617141599504195E-01   3.1609966910330959E-02
   3.3636870471395141E-01  -9.4106093996360975E-01   3.5502137454890974E-02   2.9897733036815573E-02
  -3.7274678861919809E-01  -8.9066873094003522E-01  -2.6032488029334039E-01   2.5744804434264363E-02
   6.8734482494322310E-01   1.7774703125515030E-01   7.0424646573749347E-01   2.2652756902851471E-02
   4.9058524960344200E-01  -8.7125865454821003E-01   1.5312404983267464E-02   2.3034072886868366E-02
   8.9272301924077428E-01   4.0853652377933693E-01   1.9011449091516176E-01   2.6597216099768208E-02
   5.9682470504399356E-01   6.9670692057532290E-01   3.9799464603383905E-01   2.5312912044779660E-02
   9.5154259111255736E-01   2.8772909262585883E-02  -3.0616795552664788E-01   2.5669419904530617E-02
   8.9235501231612204E-01  -4.8406562506366128E-02  -4.4873080649829590E-01   2.5875088480356307E-02
  -8.9384190874293025E-01  -4.2830484209100836E-03  -4.4836179327750418E-01   2.6030158255303446E-02
  -7.9902780100915666E-01  -2.6189891442149852E-02  -6.0072344951792899E-01   2.5495214161228982E-02
   4.4975883453219633E-01   1.0126264098389976E-01   8.8739104587617188E-01   2.2724254588710262E-02
   5.8292668092910888E-02   4.5583106252725720E-01  -8.8815539590877978E-01   2.6232932145482035E-02
  -7.9263920771621121E-01  -2.9097440627814430E-01   5.3577698838425158E-01   2.7353160513229211E-02
  -7.6144961096700445E-01   6.4615364935639725E-01  -5.1768246846956884E-02   2.6531507831553122E-02
  -1.6409684651870406E-01  -1.9698845318142472E-01  -9.6657528122532010E-01   2.2327628321395986E-02
   4.6158614577099035E-01  -6.3473645548263011E-02   8.8482163533284801E-01   3.0249492543737814E-02
   1.0144523410939629E-01  -9.8599196008622342E-01  -1.3239606913279975E-01   2.8933493298715301E-02
   7.8057009855316605E-01  -2.8051439664130315E-01  -5.5858928965892840E-01   2.3687411218814125E-02
  -2.4106754401579060E-01   5.3289283856709666E-01   8.1111753884754413E-01   2.3604879000818859E-02
  -8.4774060592322673E-02   9.4742612388383840E-01   3.0854027035888660E-01   2.8933233371851315E-02
  -3.1572554638728127E-01  -2.0873521630912592E-01  -9.2560628175852137E-01   2.8474713103465841E-02
  -9.1429305330484869E-01   1.4921098102960375E-01  -3.7656911160991466E-01   2.5202630984043810E-02
  -7.7025315972893571E-01  -5.5825563397837587E-01  -3.0831918049156796E-01   2.4002772585459113E-02
   6.0747223330518007E-01   7.4535784397858719E-01  -2.7462550898051905E-01   2.6690499983373574E-02
  -2.8278953592874946E-01  -6.9019787822030789E-01  -6.6607579694009864E-01   2.5553806881175260E-02
   3.5473462419861379E-01   9.3234467909783109E-01   6.9976751515275648E-02   2.5744746642538518E-02
  -7.8119567576276338E-01   1.8582480132861171E-02   6.2400962140152236E-01   2.1883455881195064E-02
  -4.3838103998922663E-01  -2.5191291284022194E-01   8.6276413238052427E-01   2.3856109692797331E-02
   1.5281984588637433E-01   5.8567625482816456E-01  -7.9600842912227989E-01   2.8474866770119152E-02
  -8.8838789843268965E-01   4.2258923140123698E-01   1.7940257362161958E-01   2.9589718658191234E-02
   4.8422486606478489E-01   5.0282594383731620E-01  -7.1602538313152930E-01   2.6600146810013653E-02
   4.0894386620251612E-01  -8.9531537723278447E-01   1.7656525588533966E-01   2.3490239018967447E-02
  -9.4121464008201840E-01  -1.8254035068640519E-01   2.8424289202469225E-01   2.9017679705061492E-02
   9.1374518973616822E-01  -3.2689631725289727E-01   2.4126443169374764E-01   2.3039548373913585E-02
  -6.2415360493384541E-01   5.6325801900795280E-01   5.4145422841762149E-01   2.2194993388150092E-02
  -8.5957077063498985E-01  -4.8524470332903977E-01   1.6023628852754299E-01   2.6597434671999762E-02
  -2.8649835274861645E-01   8.6763712890210182E-01  -4.0635514814364874E-01   2.3655170222592092E-02
  -9.7977383345234247E-01  -1.0160768362114196E-01  -1.7239232555786079E-01   2.5236309568256274E-02
  -2.5078331152254027E-03   7.0581219055894859E-01  -7.0839456691270896E-01   2.8742470439473493E-02
   4.6370960644922876E-01  -3.9112486924021890E-01   7.9498096678381111E-01   2.5966249117557285E-02
   7.5045156807126041E-01  -6.6043092603603650E-01  -2.5562392583048119E-02   2.8948835962171774E-02
  -7.7735554499664765E-01   5.1147418100018784E-01  -3.6621376111931129E-01   2.7765353103002698E-02
   4.4130345083120676E-02   9.6023262364673360E-01  -2.7569153256376051E-01   2.7427503685646925E-02
   1.2936344457647597E-01  -9.4316904808498076E-01   3.0610005870920780E-01   2.4849283665701018E-02
  -3.9374406299474088E-01  -4.6688649047111603E-02  -9.1803365020381964E-01   2.5456986120393398E-02
  -7.3313056280222861E-02   9.9703284171287336E-01  -2.3467175475658508E-02   2.6819867215399506E-02
   6.7894965712800487E-01   3.0403078123345759E-01  -6.6827587652730517E-01   2.5495148307067507E-02
  -7.8215150217066060E-01  -3.1407212705072429E-01  -5.3814284968028038E-01   2.5618550905321448E-02
   9.3878864370929839E-01  -3.4271798987852331E-01  -3.4932246650915725E-02   2.3989150964344121E-02
   6.0232262885650271E-01   7.9562673907068752E-01   6.4695771447102892E-02   2.5275539556060544E-02
  -4.1887567868890034E-01   8.6022740978397997E-01  -2.9077821317845909E-01   2.7475684256152774E-02
  -2.9326123797860939E-01  -1.6588663609252503E-01   9.4153038732967058E-01   2.3090369278138238E-02
  -6.7557716048158900E-01  -5.8777658962915877E-01  -4.4510019200124899E-01   2.6690558831495811E-02
   8.1551069074897810E-01   5.7526403796279987E-01  -6.3352978626571561E-02   2.8177822200664852E-02
   3.5095631831089852E-01   9.3014871120672673E-01  -1.0794923657962791E-01   2.6070496963788620E-02
   3.3091888262219653E-01   8.4462890997057709E-01   4.2082620826891448E-01   2.4561534310362276E-02
   6.0578164852008464E-01  -7.3568036595879435E-01   3.0299008805408638E-01   2.3335812651191676E-02
  -1.1613352161377406E-01  -6.6510757343063309E-01   7.3766179304800525E-01   1.9011816064798939E-02
  -2.9773031214559697E-01   7.7832102266682010E-01  -5.5278661968662063E-01   2.6967459686591506E-02
  -6.4213811984085724E-01   4.2704480046517376E-01   6.3662498650532794E-01   3.1609950156540356E-02
   2.4893029385976106E-02  -8.0564037540224600E-01  -5.9188167956925061E-01   2.4901944632277657E-02
   4.8518902829533017E-01   8.7409703099917486E-01  -2.3366369428320377E-02   2.6136290876279919E-02
  -8.9329098232533841E-02  -8.4093666727541371E-01   5.3370950323250045E-01   2.2405948096163186E-02
   4.0911555534640315E-01  -6.9375091450939851E-01   5.9273445234014978E-01   2.4212455761030144E-02
  -3.5884635004617231E-01  -6.9980547747797361E-01   6.1765815039580376E-01   2.2775779098694566E-02
   4.9080201950185680E-01   3.9448444796271942E-01   7.7684966239836104E-01   2.2776392783489587E-02
  -1.4549743061267507E-01   8.5476387054242053E-01  -4.9820600488196626E-01   2.7918323217004044E-02
   6.7823888162011716E-01  -7.1551229171206642E-01  -1.6743410604664596E-01   2.2313675108931985E-02
   1.4270601383487704E-01   7.5458376535225104E-01   6.4049850482431169E-01   2.2962957671695143E-02
  -1.2388122546718154E-01   9.2906412093087897E-01  -3.4855889197620868E-01   2.6303024287576382E-02
   3.0781676120454899E-01   7.6182865368737564E-01   5.6997012548239958E-01   2.6982348523706973E-02
   3.3094300781113048E-01  -8.4649468546426795E-01  -4.1704133255790383E-01   2.6006342417695127E-02
  -2.8049771725023742E-01  -4.1415369419988419E-01  -8.6590862577872194E-01   2.4498092002859612E-02
   4.8059265854733972E-01   8.6233538910296747E-01   1.5940004156534546E-01   2.6374389646374671E-02
  -7.8861929480870083E-01   5.6999188419395361E-01   2.3062710120116807E-01   2.6559924780278643E-02
   6.9651156195556120E-01  -4.2737053503504700E-01  -5.7639055322418499E-01   2.3499462516074398E-02
   6.2830841537824424E-01  -7.7794758288495184E-01  -5.1081746584048763E-03   2.6452043416388426E-02
   9.3628719586483661E-01   2.0222774243611798E-01  -2.8717629959443433E-01   2.5236180400752563E-02
   6.2844463067055595E-01   3.4741635722966930E-01   6.9595920922897143E-01   2.7393143228973348E-02
  -4.2265004413286737E-01  -7.1474437848811742E-01  -5.5723192084994543E-01   2.6717398265898308E-02
  -5.7919438719054197E-01  -6.8227030601633913E-01   4.4614021492726205E-01   2.3082688071288450E-02
  -9.8414014577124877E-01  -4.0753369069436651E-02   1.7264801299417129E-01   2.5065003199068658E-02
  -6.7108868802694443E-01  -3.2932089166898368E-01  -6.6421963469369069E-01   2.6337759152926247E-02
   2.7826683374731802E-01  -9.2514640691838341E-01  -2.5820862689354000E-01   3.0062045653911919E-02
  -1.5721899297735664E-01   9.5004587122567674E-02   9.8298337558315616E-01   2.2723180161427043E-02
   5.5369322678404557E-01   6.0095610540467205E-01  -5.7643349138501678E-01   2.6337720088569711E-02
   8.5676090208778674E-01   2.9938587314176672E-01  -4.1991529576435295E-01   2.5412123446077412E-02
  -2.8351816116188031E-01   9.3729476670163354E-01   2.0272141624682009E-01   3.0061993905694492E-02
  -5.5281448356313145E-01   1.7167260035074322E-03   8.3330258586821699E-01   2.4630562974079470E-02
   3.2563383656418638E-01  -3.3320808625700895E-01   8.8483612931289741E-01   2.8918059316862038E-02
  -6.6867592466346970E-01   6.9338700813660389E-01   2.6849015759022307E-01   2.2313720397667466E-02
  -8.4224527481072701E-01   1.6145856801210460E-01   5.1434815822989339E-01   2.3039536035969412E-02
   2.9840297174916674E-01   7.6149965724383470E-01  -5.7539024884750009E-01   2.5343213729660098E-02
  -8.3559097325395566E-01  -5.2880214382960062E-01  -1.4884897748296892E-01   2.8177735159474393E-02
  -5.6966373566157324E-01  -1.6736912821951501E-01   8.0465570475274752E-01   2.4902215287598545E-02
   1.1157924010096369E-01  -1.3309761483496671E-01  -9.8480206036732802E-01   2.4465082849831261E-02
  -4.3730550307704065E-01   6.7940458970366792E-01  -5.8921413804161808E-01   2.3397993734049356E-02
   4.6479761198966009E-03   3.4874144550820829E-01   9.3720744795527224E-01   2.3236615864258918E-02
   5.8799722241692906E-01   5.5657343464503705E-02   8.0694580149378722E-01   2.6328112926487885E-02
  -9.1570065245494376E-01   2.8929664444694376E-01   2.7892609523909541E-01   2.3989186069675412E-02
   4.8373634403054639E-01   6.8982147921020962E-02  -8.7249103876897393E-01   2.6462843493762084E-02
  -5.3787801191738724E-01   8.2756994331540525E-01  -1.6067119597717485E-01   2.6281792831835097E-02
   2.0309695319166571E-02  -5.6510406531780059E-01  -8.2476961124749124E-01   2.7918234326188469E-02
  -4.5616296385319312E-01   1.1054743406893154E-01  -8.8300317962589787E-01   2.6718509386139914E-02
   5.0704503924470412E-01  -7.3025990448595337E-01   4.5784910186381582E-01   2.9578728114574648E-02
  -5.4275975725907557E-01  -8.2180215727287304E-01   1.7335818469781418E-01   2.5312614496744179E-02
   4.7042007054491303E-01  -7.6355889881293412E-01  -4.4236044722838681E-01   2.7802001910925340E-02
  -7.9744349133541527E-01  -1.3691360516017969E-01   5.8765512237095833E-01   2.6894818954854597E-02
   9.8710095192758107E-01  -8.2058135841125157E-02   1.3747062612042881E-01   2.4676035507245508E-02
   9.8342456274327361E-01   1.0046562665739859E-01  -1.5093968084482374E-01   2.8023802912530682E-02
   2.2943289247731857E-02  -6.9551381798571201E-01  -7.1814631828718091E-01   2.6303109003031939E-02
  -4.7771500943649147E-01  -8.6899421130299661E-01  -1.2898616391293968E-01   2.6374165712562605E-02
   3.9335835106945262E-01   3.9108244958193978E-01  -8.3205992889509516E-01   2.6805429782431793E-02
  -1.7524635578306506E-01  -9.8355444621527396E-01  -4.3696294063927147E-02   2.7746391129967302E-02
   7.1065712425695517E-01  -1.5886421082236847E-01   6.8536750306869720E-01   2.4901837746545942E-02
   3.2378825710422942E-01   8.4126188960839485E-01  -4.3294294965262842E-01   2.5177083910647146E-02
  -3.5383126740092785E-02   7.2571589649380294E-01   6.8708403555772594E-01   2.4849156606885292E-02
  -5.1172529007762719E-01   8.5912918028693923E-01   5.8548334272016564E-03   2.7802000780492637E-02
   1.8107334678854151E-01  -8.2994002785817588E-01  -5.2764760327472979E-01   2.6739058188608799E-02
  -9.9772801603919294E-01  -6.7370303104519173E-02  -2.1970457758657468E-04   2.8023755239526963E-02
   2.0043276085547701E-02  -3.2913866681996477E-01   9.4406885611576800E-01   3.0638079457334490E-02
  -4.1818420318446181E-01  -5.5526430348366231E-01   7.1889048225983636E-01   2.7711165681703153E-02
   6.7855406312563477E-01  -2.8287385517779313E-01  -6.7789878704165351E-01   2.7765319270839228E-02
   6.9259407599450000E-01  -3.2514104146597859E-01   6.4389187683317121E-01   2.4630986614161072E-02
   5.4973353318961830E-01  -8.2157654890799953E-01  -1.5101329998142718E-01   2.8448348283738864E-02
   8.9385020031497273E-01  -3.2478815244555518E-01  -3.0910269398354621E-01   2.4967810935215979E-02
  -2.9691049507278153E-01   1.0182372748916090E-01  -9.4946094518724084E-01   2.6464008695261025E-02
  -8.7503034906013539E-01  -1.9311204868567493E-03   4.8406420958108746E-01   3.0180811568103345E-02
   8.5858714828065245E-01  -5.1154617245119924E-01  -3.3891330127699266E-02   2.2750037255212069E-02
   8.3290551617646677E-01  -4.9798854886520746E-01   2.4140382416593668E-01   2.1714946999922837E-02
   2.9654543946567745E-01   1.4686978484698485E-01   9.4365781331535032E-01   3.0714194781762809E-02
  -7.6195726063355841E-01  -4.4379364175961528E-01   4.7166549216742765E-01   2.2960400024322211E-02
  -1.2830417533107643E-01  -5.3614835653338799E-01   8.3431587446192061E-01   3.0714561200720100E-02
   8.8386837428301827E-01   3.2873592287144557E-01   3.3273020595694862E-01   2.6948371406851321E-02
   1.7614189338683063E-01   1.5823674209026701E-01  -9.7156325931292855E-01   2.4307535211665629E-02
   8.1233486551660032E-01   4.9239427097043861E-01   3.1250591703456946E-01   2.4344945637883408E-02
  -9.2917259020021134E-01  -1.3183773281545418E-01  -3.4533622721445129E-01   2.5412149621619501E-02
  -9.1040885539953251E-03  -7.5473456101807601E-01   6.5596711653592301E-01   2.9519445508194692E-02
   8.8996012348693316E-01   3.6653981644938888E-01  -2.7132921250829422E-01   2.7382907908532634E-02
   7.0899295700148758E-01   6.9009163091621248E-01   1.4526709146151704E-01   2.4176590589512088E-02
   5.6159458789780236E-01   2.2343886920609938E-01   7.9667219768973804E-01   2.7711314146749468E-02
   8.9787267678623514E-01   4.2449617802167107E-01  -1.1673753092178340E-01   2.5219968291091912E-02
  -9.2766363255929302E-01   3.4395042819873680E-01  -1.4539012266589055E-01   2.5001127255051316E-02
   8.9897948263881080E-01  -4.2560877641273258E-01   1.0340724943113257E-01   3.0816189169591261E-02
   5.9107694556165544E-01   6.8229395585929264E-01  -4.3023598434275749E-01   2.4841901649064292E-02
  -8.5637046002755123E-01   4.5589926716422093E-01  -2.4245719909156453E-01   2.3687368132445558E-02
  -6.3563979293747614E-01  -7.1443611576314438E-01   2.9247750362664364E-01   2.7258736187190271E-02
  -1.3039549344239731E-01  -7.6063226647157726E-01  -6.3595249075086188E-01   2.7427690586348432E-02
  -5.6142204588222019E-01  -6.0164181650570425E-01  -5.6818343079426263E-01   2.6187545880696361E-02
  -5.5474512126711736E-01   5.5892877668358176E-01  -6.1632497355317852E-01   2.7509007997816690E-02
  -9.2132087332352945E-01   3.8834845119036698E-01   1.8797043289098207E-02   2.4967876792016738E-02
   4.6338899743048109E-01  -2.2775837916148891E-01   8.5638586967680936E-01   2.3090166915029901E-02
  -7.1172152060915250E-01  -5.8817006051511535E-01   3.8406829733192129E-01   2.7515544815786512E-02
  -9.6754826273234524E-01   1.2306547233457729E-01   2.2069265688438290E-01   2.8370176005147534E-02
   4.6754754911542155E-01  -6.6484263012779525E-01  -5.8256636229782285E-01   2.6281834418632579E-02
  -6.9802187418255705E-01  -7.1547531259074448E-01  -2.9334966095888104E-02   2.4176192228644990E-02
  -3.9472556036403565E-01  -8.9495647987016493E-01   2.0795343501298804E-01   2.6982760916960581E-02
   3.7333690353122270E-02   5.1479515499235137E-01   8.5649993809749815E-01   2.4407769308298248E-02
  -3.4041622847377359E-01  -8.6770648136027048E-01   3.6221851636418356E-01   2.3946368011935454E-02
  -1.3574467231034628E-01  -3.9464793295709906E-01   9.0874990671363793E-01   2.2980773632794764E-02
   4.8285068626941605E-02   9.1060782076126827E-01   4.1044116376906627E-01   2.3924474581385699E-02
   4.8596757001208326E-01   8.5201839396759986E-01  -1.9467967854253009E-01   2.5222463032051454E-02
   4.6594758320460663E-01  -8.2523746282079741E-01   3.1918016802877842E-01   2.4972566493083778E-02
   6.7061808495934629E-01  -4.9090731402950211E-01   5.5613073387270981E-01   3.0820883370385523E-02
   2.0095150720247239E-01  -8.7331410093015335E-01   4.4378032050735720E-01   2.4513609641987725E-02
  -1.4861121494065965E-01  -7.6389238741636606E-02   9.8594086587296612E-01   2.8918366322661729E-02
  -8.7260037866827619E-01  -2.9058182413993769E-01  -3.9259493454129955E-01   2.5358864380009795E-02
   2.1321177021272177E-01   9.7683470695348351E-01  -1.8294707810173047E-02   2.6426076859092000E-02
   3.0174058979223361E-01  -6.3764346786604155E-01   7.0877600436217047E-01   2.5701323720581532E-02
   8.0267644771053721E-01  -5.8618343346503722E-01   1.0999773916737412E-01   2.5879828790121606E-02
   9.4068664684215903E-01  -1.4495350649647780E-01  -3.0675252795572975E-01   2.7521211685225828E-02
   8.9452678201594899E-01  -8.7719398331882239E-02   4.3832310389994670E-01   2.6894639261522148E-02
  -9.3783596877867871E-01  -2.5576350361909083E-01  -2.3462464892130250E-01   2.7382844118269811E-02
   3.2684634759395798E-01  -4.8749199669677976E-01   8.0964376007048706E-01   2.2722941922987347E-02
   3.3050881088351466E-01  -7.5782035935361591E-01  -5.6255864483404884E-01   2.4465107004040911E-02
  -3.3115699679463701E-01  -9.3941167662756779E-01  -8.8547982979504880E-02   2.5659081627304933E-02
   5.9791958847346506E-01   7.6392284132351822E-01   2.4272218321349394E-01   2.6302330996613014E-02
  -2.6884829038129618E-01   3.6919796414624386E-01   8.8961421977693397E-01   2.4212848259938595E-02
   1.7906378825785182E-01  -4.1431926744864844E-01   8.9234281773069845E-01   2.6340569438587415E-02
   8.7810103744327818E-01   4.7661785577745661E-01   4.2118732116935575E-02   2.2121794496498585E-02
  -1.9771723546432188E-01  -7.5256348177354706E-01   6.2813700790609514E-01   2.9185225295287624E-02
   5.4398139714718816E-02  -9.8539854250668792E-01   1.6133987362482038E-01   2.8967623216245170E-02
   7.9890862897999355E-01   4.6109255219663207E-01  -3.8618474963429498E-01   2.5358800925518303E-02
   7.0590980182066722E-01  -6.3496549089194225E-01  -3.1386330953117358E-01   2.8525112065746128E-02
   7.1500052850038908E-01   6.1083482158707047E-01  -3.4008096827205127E-01   2.7535326682981748E-02
   9.5482269755657771E-01   2.6622110659252906E-01  -1.3206035981864217E-01   2.5044378020058450E-02
   2.8779576698387998E-02  -8.9399127253515242E-01  -4.4715918932304221E-01   2.6820025827221818E-02
  -5.5656252017400014E-01  -4.8035353816570438E-01   6.7786328968993085E-01   2.2652458230754275E-02
   2.5785327426449100E-01  -7.6944813448928348E-01   5.8434686384205285E-01   2.9635936589024511E-02
   4.3352750952965699E-01   6.5226530198533438E-01   6.2177477779899827E-01   2.3946702125248924E-02
   2.8598851107211320E-01   2.8321046609623703E-01  -9.1542471204807878E-01   2.6718516950657202E-02
  -6.6316269215464718E-01   4.2396649962942198E-01  -6.1682059865586200E-01   2.7207272408702043E-02
  -2.2185443454371926E-01  -9.5029488784805131E-01  -2.1844961891279632E-01   2.6099601893109616E-02
   3.6133183729334588E-01  -8.1116306939820042E-01   4.5984103579683415E-01   2.3604964312597176E-02
   9.2335482516262796E-02   6.4518106465379840E-01   7.5842966218409477E-01   2.9408292679136277E-02
   9.5309550900547073E-01  -2.4868280054553575E-01  -1.7252772364588777E-01   2.5389693714015173E-02
   6.8485147321890584E-01   5.3920873439481811E-01  -4.9013508381081312E-01   2.5618492527347624E-02
  -8.8297777262381131E-01  -1.6258154352968377E-01   4.4036064169700566E-01   2.2753235369972113E-02
   5.9014578289237142E-01  -5.5383831711555409E-01  -5.8735940737248863E-01   2.8311192350680638E-02
  -4.2623359312693400E-01  -4.6572453362979571E-01  -7.7551633307456047E-01   2.5343272723864838E-02
