 0.000000000000000E+00 -0.5257311121191336 0.8506508083520399 1.795453816623618E-02
 0.000000000000000E+00 -0.5257311121191336 -0.8506508083520399 1.795453816623618E-02
 0.8506508083520399 0.000000000000000E+00 -0.5257311121191336 1.795453816623618E-02
 0.8506508083520399 0.000000000000000E+00 0.5257311121191336 1.795453816623618E-02
 -0.5257311121191336 0.8506508083520399 0.000000000000000E+00 1.795453816623618E-02
 -0.5257311121191336 -0.8506508083520399 0.000000000000000E+00 1.795453816623618E-02
 0.000000000000000E+00 0.5257311121191336 -0.8506508083520399 1.795453816623618E-02
 0.000000000000000E+00 0.5257311121191336 0.8506508083520399 1.795453816623618E-02
 -0.8506508083520399 0.000000000000000E+00 0.5257311121191336 1.795453816623618E-02
 -0.8506508083520399 0.000000000000000E+00 -0.5257311121191336 1.795453816623618E-02
 0.5257311121191336 -0.8506508083520399 0.000000000000000E+00 1.795453816623618E-02
 0.5257311121191336 0.8506508083520399 0.000000000000000E+00 1.795453816623618E-02
 -0.4348017776250502 -0.8942182224545863 0.1064010564057357 2.298271749652147E-02
 -0.8942182224545863 -0.1064010564057357 0.4348017776250502 2.298271749652147E-02
 0.5358760719720723 0.8317508731592151 -0.1450080014573868 2.298271749652147E-02
 -0.9109994053189626 -6.246734929537109E-02 -0.4076492533790619 2.298271749652147E-02
 -0.4348017776250502 0.8942182224545863 -0.1064010564057357 2.298271749652147E-02
 0.8942182224545863 -0.1064010564057357 -0.4348017776250502 2.298271749652147E-02
 0.5798097790824369 -0.8045983489132269 -0.1282268185930105 2.298271749652147E-02
 -0.4076492533790619 -0.9109994053189626 -6.246734929537109E-02 2.298271749652147E-02
 6.246734929537109E-02 -0.4076492533790619 0.9109994053189626 2.298271749652147E-02
 -0.1282268185930105 -0.5798097790824369 0.8045983489132269 2.298271749652147E-02
 -0.8317508731592151 0.1450080014573868 0.5358760719720723 2.298271749652147E-02
 0.7659914038615758 -2.715252424598824E-02 0.6422771283778080 2.298271749652147E-02
 0.1450080014573868 0.5358760719720723 -0.8317508731592151 2.298271749652147E-02
 2.715252424598824E-02 0.6422771283778080 -0.7659914038615758 2.298271749652147E-02
 0.8045983489132269 0.1282268185930105 0.5798097790824369 2.298271749652147E-02
 -0.6422771283778080 -0.7659914038615758 -2.715252424598824E-02 2.298271749652147E-02
 -0.9109994053189626 6.246734929537109E-02 0.4076492533790619 2.298271749652147E-02
 -0.1064010564057357 0.4348017776250502 -0.8942182224545863 2.298271749652147E-02
 -0.1064010564057357 -0.4348017776250502 0.8942182224545863 2.298271749652147E-02
 0.5358760719720723 -0.8317508731592151 0.1450080014573868 2.298271749652147E-02
 0.1064010564057357 -0.4348017776250502 -0.8942182224545863 2.298271749652147E-02
 -6.246734929537109E-02 -0.4076492533790619 -0.9109994053189626 2.298271749652147E-02
 0.1282268185930105 -0.5798097790824369 -0.8045983489132269 2.298271749652147E-02
 -0.7659914038615758 -2.715252424598824E-02 -0.6422771283778080 2.298271749652147E-02
 0.4076492533790619 0.9109994053189626 -6.246734929537109E-02 2.298271749652147E-02
 -0.1450080014573868 -0.5358760719720723 -0.8317508731592151 2.298271749652147E-02
 -0.5798097790824369 0.8045983489132269 -0.1282268185930105 2.298271749652147E-02
 -2.715252424598824E-02 -0.6422771283778080 -0.7659914038615758 2.298271749652147E-02
 0.8317508731592151 0.1450080014573868 -0.5358760719720723 2.298271749652147E-02
 0.4348017776250502 0.8942182224545863 0.1064010564057357 2.298271749652147E-02
 -0.8942182224545863 0.1064010564057357 -0.4348017776250502 2.298271749652147E-02
 -0.6422771283778080 0.7659914038615758 2.715252424598824E-02 2.298271749652147E-02
 0.8045983489132269 -0.1282268185930105 -0.5798097790824369 2.298271749652147E-02
 0.4348017776250502 -0.8942182224545863 -0.1064010564057357 2.298271749652147E-02
 0.8942182224545863 0.1064010564057357 0.4348017776250502 2.298271749652147E-02
 0.1064010564057357 0.4348017776250502 0.8942182224545863 2.298271749652147E-02
 0.1282268185930105 0.5798097790824369 0.8045983489132269 2.298271749652147E-02
 0.8317508731592151 -0.1450080014573868 0.5358760719720723 2.298271749652147E-02
 -0.7659914038615758 2.715252424598824E-02 0.6422771283778080 2.298271749652147E-02
 -6.246734929537109E-02 0.4076492533790619 0.9109994053189626 2.298271749652147E-02
 -0.4076492533790619 0.9109994053189626 6.246734929537109E-02 2.298271749652147E-02
 0.5798097790824369 0.8045983489132269 0.1282268185930105 2.298271749652147E-02
 0.9109994053189626 -6.246734929537109E-02 0.4076492533790619 2.298271749652147E-02
 -0.8045983489132269 -0.1282268185930105 0.5798097790824369 2.298271749652147E-02
 0.6422771283778080 0.7659914038615758 -2.715252424598824E-02 2.298271749652147E-02
 -0.5358760719720723 0.8317508731592151 0.1450080014573868 2.298271749652147E-02
 0.7659914038615758 2.715252424598824E-02 -0.6422771283778080 2.298271749652147E-02
 -0.8317508731592151 -0.1450080014573868 -0.5358760719720723 2.298271749652147E-02
 -2.715252424598824E-02 0.6422771283778080 0.7659914038615758 2.298271749652147E-02
 0.4076492533790619 -0.9109994053189626 6.246734929537109E-02 2.298271749652147E-02
 -0.8045983489132269 0.1282268185930105 -0.5798097790824369 2.298271749652147E-02
 0.9109994053189626 6.246734929537109E-02 -0.4076492533790619 2.298271749652147E-02
 -0.1282268185930105 0.5798097790824369 -0.8045983489132269 2.298271749652147E-02
 6.246734929537109E-02 0.4076492533790619 -0.9109994053189626 2.298271749652147E-02
 -0.1450080014573868 0.5358760719720723 0.8317508731592151 2.298271749652147E-02
 -0.5798097790824369 -0.8045983489132269 0.1282268185930105 2.298271749652147E-02
 -0.5358760719720723 -0.8317508731592151 -0.1450080014573868 2.298271749652147E-02
 0.6422771283778080 -0.7659914038615758 2.715252424598824E-02 2.298271749652147E-02
 2.715252424598824E-02 -0.6422771283778080 0.7659914038615758 2.298271749652147E-02
 0.1450080014573868 -0.5358760719720723 0.8317508731592151 2.298271749652147E-02
 -0.3244576064996202 -0.9201463401618787 0.2192212906431256 2.538719260201990E-02
 -0.9201463401618787 -0.2192212906431256 0.3244576064996202 2.538719260201990E-02
 0.5345404668187063 0.7903079920308870 -0.2994658028312199 2.538719260201990E-02
 -0.9542875861870360 -0.1298383481309918 -0.2692159100126436 2.538719260201990E-02
 -0.3244576064996202 0.9201463401618787 -0.2192212906431256 2.538719260201990E-02
 0.9201463401618787 -0.2192212906431256 -0.3244576064996202 2.538719260201990E-02
 0.6239234093308401 -0.7350662955439103 -0.2653245568060627 2.538719260201990E-02
 -0.2692159100126436 -0.9542875861870360 -0.1298383481309918 2.538719260201990E-02
 0.1298383481309918 -0.2692159100126436 0.9542875861870360 2.538719260201990E-02
 -0.2653245568060627 -0.6239234093308401 0.7350662955439103 2.538719260201990E-02
 -0.7903079920308870 0.2994658028312199 0.5345404668187063 2.538719260201990E-02
 0.6548217833558161 -5.524169648697665E-02 0.7537617574618319 2.538719260201990E-02
 0.2994658028312199 0.5345404668187063 -0.7903079920308870 2.538719260201990E-02
 5.524169648697665E-02 0.7537617574618319 -0.6548217833558161 2.538719260201990E-02
 0.7350662955439103 0.2653245568060627 0.6239234093308401 2.538719260201990E-02
 -0.7537617574618319 -0.6548217833558161 -5.524169648697665E-02 2.538719260201990E-02
 -0.9542875861870360 0.1298383481309918 0.2692159100126436 2.538719260201990E-02
 -0.2192212906431256 0.3244576064996202 -0.9201463401618787 2.538719260201990E-02
 -0.2192212906431256 -0.3244576064996202 0.9201463401618787 2.538719260201990E-02
 0.5345404668187063 -0.7903079920308870 0.2994658028312199 2.538719260201990E-02
 0.2192212906431256 -0.3244576064996202 -0.9201463401618787 2.538719260201990E-02
 -0.1298383481309918 -0.2692159100126436 -0.9542875861870360 2.538719260201990E-02
 0.2653245568060627 -0.6239234093308401 -0.7350662955439103 2.538719260201990E-02
 -0.6548217833558161 -5.524169648697665E-02 -0.7537617574618319 2.538719260201990E-02
 0.2692159100126436 0.9542875861870360 -0.1298383481309918 2.538719260201990E-02
 -0.2994658028312199 -0.5345404668187063 -0.7903079920308870 2.538719260201990E-02
 -0.6239234093308401 0.7350662955439103 -0.2653245568060627 2.538719260201990E-02
 -5.524169648697665E-02 -0.7537617574618319 -0.6548217833558161 2.538719260201990E-02
 0.7903079920308870 0.2994658028312199 -0.5345404668187063 2.538719260201990E-02
 0.3244576064996202 0.9201463401618787 0.2192212906431256 2.538719260201990E-02
 -0.9201463401618787 0.2192212906431256 -0.3244576064996202 2.538719260201990E-02
 -0.7537617574618319 0.6548217833558161 5.524169648697665E-02 2.538719260201990E-02
 0.7350662955439103 -0.2653245568060627 -0.6239234093308401 2.538719260201990E-02
 0.3244576064996202 -0.9201463401618787 -0.2192212906431256 2.538719260201990E-02
 0.9201463401618787 0.2192212906431256 0.3244576064996202 2.538719260201990E-02
 0.2192212906431256 0.3244576064996202 0.9201463401618787 2.538719260201990E-02
 0.2653245568060627 0.6239234093308401 0.7350662955439103 2.538719260201990E-02
 0.7903079920308870 -0.2994658028312199 0.5345404668187063 2.538719260201990E-02
 -0.6548217833558161 5.524169648697665E-02 0.7537617574618319 2.538719260201990E-02
 -0.1298383481309918 0.2692159100126436 0.9542875861870360 2.538719260201990E-02
 -0.2692159100126436 0.9542875861870360 0.1298383481309918 2.538719260201990E-02
 0.6239234093308401 0.7350662955439103 0.2653245568060627 2.538719260201990E-02
 0.9542875861870360 -0.1298383481309918 0.2692159100126436 2.538719260201990E-02
 -0.7350662955439103 -0.2653245568060627 0.6239234093308401 2.538719260201990E-02
 0.7537617574618319 0.6548217833558161 -5.524169648697665E-02 2.538719260201990E-02
 -0.5345404668187063 0.7903079920308870 0.2994658028312199 2.538719260201990E-02
 0.6548217833558161 5.524169648697665E-02 -0.7537617574618319 2.538719260201990E-02
 -0.7903079920308870 -0.2994658028312199 -0.5345404668187063 2.538719260201990E-02
 -5.524169648697665E-02 0.7537617574618319 0.6548217833558161 2.538719260201990E-02
 0.2692159100126436 -0.9542875861870360 0.1298383481309918 2.538719260201990E-02
 -0.7350662955439103 0.2653245568060627 -0.6239234093308401 2.538719260201990E-02
 0.9542875861870360 0.1298383481309918 -0.2692159100126436 2.538719260201990E-02
 -0.2653245568060627 0.6239234093308401 -0.7350662955439103 2.538719260201990E-02
 0.1298383481309918 0.2692159100126436 -0.9542875861870360 2.538719260201990E-02
 -0.2994658028312199 0.5345404668187063 0.7903079920308870 2.538719260201990E-02
 -0.6239234093308401 -0.7350662955439103 0.2653245568060627 2.538719260201990E-02
 -0.5345404668187063 -0.7903079920308870 -0.2994658028312199 2.538719260201990E-02
 0.7537617574618319 -0.6548217833558161 5.524169648697665E-02 2.538719260201990E-02
 5.524169648697665E-02 -0.7537617574618319 0.6548217833558161 2.538719260201990E-02
 0.2994658028312199 -0.5345404668187063 0.7903079920308870 2.538719260201990E-02
 -0.1988139568286059 -0.9230655377289352 0.3292765154506846 2.633599977787515E-02
 -0.9230655377289352 -0.3292765154506846 0.1988139568286059 2.633599977787515E-02
 0.5207005578402490 0.7241286777805634 -0.4522262565139560 2.633599977787515E-02
 -0.9728508560488665 -0.1989368599483718 -0.1182596196462243 2.633599977787515E-02
 -0.1988139568286059 0.9230655377289352 -0.3292765154506846 2.633599977787515E-02
 0.9230655377289352 -0.3292765154506846 -0.1988139568286059 2.633599977787515E-02
 0.6510402133425620 -0.6435743405981817 -0.4024409381940248 2.633599977787515E-02
 -0.1182596196462243 -0.9728508560488665 -0.1989368599483718 2.633599977787515E-02
 0.1989368599483718 -0.1182596196462243 0.9728508560488665 2.633599977787515E-02
 -0.4024409381940248 -0.6510402133425620 0.6435743405981817 2.633599977787515E-02
 -0.7241286777805634 0.4522262565139560 0.5207005578402490 2.633599977787515E-02
 0.5206245995349104 -8.055433718238161E-02 0.8499770732909337 2.633599977787515E-02
 0.4522262565139560 0.5207005578402490 -0.7241286777805634 2.633599977787515E-02
 8.055433718238161E-02 0.8499770732909337 -0.5206245995349104 2.633599977787515E-02
 0.6435743405981817 0.4024409381940248 0.6510402133425620 2.633599977787515E-02
 -0.8499770732909337 -0.5206245995349104 -8.055433718238161E-02 2.633599977787515E-02
 -0.9728508560488665 0.1989368599483718 0.1182596196462243 2.633599977787515E-02
 -0.3292765154506846 0.1988139568286059 -0.9230655377289352 2.633599977787515E-02
 -0.3292765154506846 -0.1988139568286059 0.9230655377289352 2.633599977787515E-02
 0.5207005578402490 -0.7241286777805634 0.4522262565139560 2.633599977787515E-02
 0.3292765154506846 -0.1988139568286059 -0.9230655377289352 2.633599977787515E-02
 -0.1989368599483718 -0.1182596196462243 -0.9728508560488665 2.633599977787515E-02
 0.4024409381940248 -0.6510402133425620 -0.6435743405981817 2.633599977787515E-02
 -0.5206245995349104 -8.055433718238161E-02 -0.8499770732909337 2.633599977787515E-02
 0.1182596196462243 0.9728508560488665 -0.1989368599483718 2.633599977787515E-02
 -0.4522262565139560 -0.5207005578402490 -0.7241286777805634 2.633599977787515E-02
 -0.6510402133425620 0.6435743405981817 -0.4024409381940248 2.633599977787515E-02
 -8.055433718238161E-02 -0.8499770732909337 -0.5206245995349104 2.633599977787515E-02
 0.7241286777805634 0.4522262565139560 -0.5207005578402490 2.633599977787515E-02
 0.1988139568286059 0.9230655377289352 0.3292765154506846 2.633599977787515E-02
 -0.9230655377289352 0.3292765154506846 -0.1988139568286059 2.633599977787515E-02
 -0.8499770732909337 0.5206245995349104 8.055433718238161E-02 2.633599977787515E-02
 0.6435743405981817 -0.4024409381940248 -0.6510402133425620 2.633599977787515E-02
 0.1988139568286059 -0.9230655377289352 -0.3292765154506846 2.633599977787515E-02
 0.9230655377289352 0.3292765154506846 0.1988139568286059 2.633599977787515E-02
 0.3292765154506846 0.1988139568286059 0.9230655377289352 2.633599977787515E-02
 0.4024409381940248 0.6510402133425620 0.6435743405981817 2.633599977787515E-02
 0.7241286777805634 -0.4522262565139560 0.5207005578402490 2.633599977787515E-02
 -0.5206245995349104 8.055433718238161E-02 0.8499770732909337 2.633599977787515E-02
 -0.1989368599483718 0.1182596196462243 0.9728508560488665 2.633599977787515E-02
 -0.1182596196462243 0.9728508560488665 0.1989368599483718 2.633599977787515E-02
 0.6510402133425620 0.6435743405981817 0.4024409381940248 2.633599977787515E-02
 0.9728508560488665 -0.1989368599483718 0.1182596196462243 2.633599977787515E-02
 -0.6435743405981817 -0.4024409381940248 0.6510402133425620 2.633599977787515E-02
 0.8499770732909337 0.5206245995349104 -8.055433718238161E-02 2.633599977787515E-02
 -0.5207005578402490 0.7241286777805634 0.4522262565139560 2.633599977787515E-02
 0.5206245995349104 8.055433718238161E-02 -0.8499770732909337 2.633599977787515E-02
 -0.7241286777805634 -0.4522262565139560 -0.5207005578402490 2.633599977787515E-02
 -8.055433718238161E-02 0.8499770732909337 0.5206245995349104 2.633599977787515E-02
 0.1182596196462243 -0.9728508560488665 0.1989368599483718 2.633599977787515E-02
 -0.6435743405981817 0.4024409381940248 -0.6510402133425620 2.633599977787515E-02
 0.9728508560488665 0.1989368599483718 -0.1182596196462243 2.633599977787515E-02
 -0.4024409381940248 0.6510402133425620 -0.6435743405981817 2.633599977787515E-02
 0.1989368599483718 0.1182596196462243 -0.9728508560488665 2.633599977787515E-02
 -0.4522262565139560 0.5207005578402490 0.7241286777805634 2.633599977787515E-02
 -0.6510402133425620 -0.6435743405981817 0.4024409381940248 2.633599977787515E-02
 -0.5207005578402490 -0.7241286777805634 -0.4522262565139560 2.633599977787515E-02
 0.8499770732909337 -0.5206245995349104 8.055433718238161E-02 2.633599977787515E-02
 8.055433718238161E-02 -0.8499770732909337 0.5206245995349104 2.633599977787515E-02
 0.4522262565139560 -0.5207005578402490 0.7241286777805634 2.633599977787515E-02
 -6.147588503209948E-02 -0.9006646266846526 0.4301440988767781 2.655283884317076E-02
 -0.9006646266846526 -0.4301440988767781 6.147588503209948E-02 2.655283884317076E-02
 0.4945838465627035 0.6329891856605574 -0.5955766193832869 2.655283884317076E-02
 -0.9627221318778000 -0.2676754410240952 3.893526762743605E-02 2.655283884317076E-02
 -6.147588503209948E-02 0.9006646266846526 -0.4301440988767781 2.655283884317076E-02
 0.9006646266846526 -0.4301440988767781 -6.147588503209948E-02 2.655283884317076E-02
 0.6570525044153863 -0.5325780330010219 -0.5335191141901395 2.655283884317076E-02
 3.893526762743605E-02 -0.9627221318778000 -0.2676754410240952 2.655283884317076E-02
 0.2676754410240952 3.893526762743605E-02 0.9627221318778000 2.655283884317076E-02
 -0.5335191141901395 -0.6570525044153863 0.5325780330010219 2.655283884317076E-02
 -0.6329891856605574 0.5955766193832869 0.4945838465627035 2.655283884317076E-02
 0.3671455124945131 -0.1004111526595355 0.9247279454394816 2.655283884317076E-02
 0.5955766193832869 0.4945838465627035 -0.6329891856605574 2.655283884317076E-02
 0.1004111526595355 0.9247279454394816 -0.3671455124945131 2.655283884317076E-02
 0.5325780330010219 0.5335191141901395 0.6570525044153863 2.655283884317076E-02
 -0.9247279454394816 -0.3671455124945131 -0.1004111526595355 2.655283884317076E-02
 -0.9627221318778000 0.2676754410240952 -3.893526762743605E-02 2.655283884317076E-02
 -0.4301440988767781 6.147588503209948E-02 -0.9006646266846526 2.655283884317076E-02
 -0.4301440988767781 -6.147588503209948E-02 0.9006646266846526 2.655283884317076E-02
 0.4945838465627035 -0.6329891856605574 0.5955766193832869 2.655283884317076E-02
 0.4301440988767781 -6.147588503209948E-02 -0.9006646266846526 2.655283884317076E-02
 -0.2676754410240952 3.893526762743605E-02 -0.9627221318778000 2.655283884317076E-02
 0.5335191141901395 -0.6570525044153863 -0.5325780330010219 2.655283884317076E-02
 -0.3671455124945131 -0.1004111526595355 -0.9247279454394816 2.655283884317076E-02
 -3.893526762743605E-02 0.9627221318778000 -0.2676754410240952 2.655283884317076E-02
 -0.5955766193832869 -0.4945838465627035 -0.6329891856605574 2.655283884317076E-02
 -0.6570525044153863 0.5325780330010219 -0.5335191141901395 2.655283884317076E-02
 -0.1004111526595355 -0.9247279454394816 -0.3671455124945131 2.655283884317076E-02
 0.6329891856605574 0.5955766193832869 -0.4945838465627035 2.655283884317076E-02
 6.147588503209948E-02 0.9006646266846526 0.4301440988767781 2.655283884317076E-02
 -0.9006646266846526 0.4301440988767781 -6.147588503209948E-02 2.655283884317076E-02
 -0.9247279454394816 0.3671455124945131 0.1004111526595355 2.655283884317076E-02
 0.5325780330010219 -0.5335191141901395 -0.6570525044153863 2.655283884317076E-02
 6.147588503209948E-02 -0.9006646266846526 -0.4301440988767781 2.655283884317076E-02
 0.9006646266846526 0.4301440988767781 6.147588503209948E-02 2.655283884317076E-02
 0.4301440988767781 6.147588503209948E-02 0.9006646266846526 2.655283884317076E-02
 0.5335191141901395 0.6570525044153863 0.5325780330010219 2.655283884317076E-02
 0.6329891856605574 -0.5955766193832869 0.4945838465627035 2.655283884317076E-02
 -0.3671455124945131 0.1004111526595355 0.9247279454394816 2.655283884317076E-02
 -0.2676754410240952 -3.893526762743605E-02 0.9627221318778000 2.655283884317076E-02
 3.893526762743605E-02 0.9627221318778000 0.2676754410240952 2.655283884317076E-02
 0.6570525044153863 0.5325780330010219 0.5335191141901395 2.655283884317076E-02
 0.9627221318778000 -0.2676754410240952 -3.893526762743605E-02 2.655283884317076E-02
 -0.5325780330010219 -0.5335191141901395 0.6570525044153863 2.655283884317076E-02
 0.9247279454394816 0.3671455124945131 -0.1004111526595355 2.655283884317076E-02
 -0.4945838465627035 0.6329891856605574 0.5955766193832869 2.655283884317076E-02
 0.3671455124945131 0.1004111526595355 -0.9247279454394816 2.655283884317076E-02
 -0.6329891856605574 -0.5955766193832869 -0.4945838465627035 2.655283884317076E-02
 -0.1004111526595355 0.9247279454394816 0.3671455124945131 2.655283884317076E-02
 -3.893526762743605E-02 -0.9627221318778000 0.2676754410240952 2.655283884317076E-02
 -0.5325780330010219 0.5335191141901395 -0.6570525044153863 2.655283884317076E-02
 0.9627221318778000 0.2676754410240952 3.893526762743605E-02 2.655283884317076E-02
 -0.5335191141901395 0.6570525044153863 -0.5325780330010219 2.655283884317076E-02
 0.2676754410240952 -3.893526762743605E-02 -0.9627221318778000 2.655283884317076E-02
 -0.5955766193832869 0.4945838465627035 0.6329891856605574 2.655283884317076E-02
 -0.6570525044153863 -0.5325780330010219 0.5335191141901395 2.655283884317076E-02
 -0.4945838465627035 -0.6329891856605574 -0.5955766193832869 2.655283884317076E-02
 0.9247279454394816 -0.3671455124945131 0.1004111526595355 2.655283884317076E-02
 0.1004111526595355 -0.9247279454394816 0.3671455124945131 2.655283884317076E-02
 0.5955766193832869 -0.4945838465627035 0.6329891856605574 2.655283884317076E-02
 -0.3606537663821607 -0.8546760146582216 0.3734404514274013 2.634588502935459E-02
 -0.8546760146582216 -0.3734404514274013 0.3606537663821607 2.634588502935459E-02
 0.3932790519320326 0.8345124792957300 -0.3859022016147816 2.634588502935459E-02
 -0.9896157891542733 -2.016353536249162E-02 -0.1423166248133027 2.634588502935459E-02
 -0.3606537663821607 0.8546760146582216 -0.3734404514274013 2.634588502935459E-02
 0.8546760146582216 -0.3734404514274013 -0.3606537663821607 2.634588502935459E-02
 0.7465559679969422 -0.6161753377268721 -0.2509624271187298 2.634588502935459E-02
 -0.1423166248133027 -0.9896157891542733 -2.016353536249162E-02 2.634588502935459E-02
 2.016353536249162E-02 -0.1423166248133027 0.9896157891542733 2.634588502935459E-02
 -0.2509624271187298 -0.7465559679969422 0.6161753377268721 2.634588502935459E-02
 -0.8345124792957300 0.3859022016147816 0.3932790519320326 2.634588502935459E-02
 0.6037135875394918 -0.2183371415688579 0.7667195033594338 2.634588502935459E-02
 0.3859022016147816 0.3932790519320326 -0.8345124792957300 2.634588502935459E-02
 0.2183371415688579 0.7667195033594338 -0.6037135875394918 2.634588502935459E-02
 0.6161753377268721 0.2509624271187298 0.7465559679969422 2.634588502935459E-02
 -0.7667195033594338 -0.6037135875394918 -0.2183371415688579 2.634588502935459E-02
 -0.9896157891542733 2.016353536249162E-02 0.1423166248133027 2.634588502935459E-02
 -0.3734404514274013 0.3606537663821607 -0.8546760146582216 2.634588502935459E-02
 -0.3734404514274013 -0.3606537663821607 0.8546760146582216 2.634588502935459E-02
 0.3932790519320326 -0.8345124792957300 0.3859022016147816 2.634588502935459E-02
 0.3734404514274013 -0.3606537663821607 -0.8546760146582216 2.634588502935459E-02
 -2.016353536249162E-02 -0.1423166248133027 -0.9896157891542733 2.634588502935459E-02
 0.2509624271187298 -0.7465559679969422 -0.6161753377268721 2.634588502935459E-02
 -0.6037135875394918 -0.2183371415688579 -0.7667195033594338 2.634588502935459E-02
 0.1423166248133027 0.9896157891542733 -2.016353536249162E-02 2.634588502935459E-02
 -0.3859022016147816 -0.3932790519320326 -0.8345124792957300 2.634588502935459E-02
 -0.7465559679969422 0.6161753377268721 -0.2509624271187298 2.634588502935459E-02
 -0.2183371415688579 -0.7667195033594338 -0.6037135875394918 2.634588502935459E-02
 0.8345124792957300 0.3859022016147816 -0.3932790519320326 2.634588502935459E-02
 0.3606537663821607 0.8546760146582216 0.3734404514274013 2.634588502935459E-02
 -0.8546760146582216 0.3734404514274013 -0.3606537663821607 2.634588502935459E-02
 -0.7667195033594338 0.6037135875394918 0.2183371415688579 2.634588502935459E-02
 0.6161753377268721 -0.2509624271187298 -0.7465559679969422 2.634588502935459E-02
 0.3606537663821607 -0.8546760146582216 -0.3734404514274013 2.634588502935459E-02
 0.8546760146582216 0.3734404514274013 0.3606537663821607 2.634588502935459E-02
 0.3734404514274013 0.3606537663821607 0.8546760146582216 2.634588502935459E-02
 0.2509624271187298 0.7465559679969422 0.6161753377268721 2.634588502935459E-02
 0.8345124792957300 -0.3859022016147816 0.3932790519320326 2.634588502935459E-02
 -0.6037135875394918 0.2183371415688579 0.7667195033594338 2.634588502935459E-02
 -2.016353536249162E-02 0.1423166248133027 0.9896157891542733 2.634588502935459E-02
 -0.1423166248133027 0.9896157891542733 2.016353536249162E-02 2.634588502935459E-02
 0.7465559679969422 0.6161753377268721 0.2509624271187298 2.634588502935459E-02
 0.9896157891542733 -2.016353536249162E-02 0.1423166248133027 2.634588502935459E-02
 -0.6161753377268721 -0.2509624271187298 0.7465559679969422 2.634588502935459E-02
 0.7667195033594338 0.6037135875394918 -0.2183371415688579 2.634588502935459E-02
 -0.3932790519320326 0.8345124792957300 0.3859022016147816 2.634588502935459E-02
 0.6037135875394918 0.2183371415688579 -0.7667195033594338 2.634588502935459E-02
 -0.8345124792957300 -0.3859022016147816 -0.3932790519320326 2.634588502935459E-02
 -0.2183371415688579 0.7667195033594338 0.6037135875394918 2.634588502935459E-02
 0.1423166248133027 -0.9896157891542733 2.016353536249162E-02 2.634588502935459E-02
 -0.6161753377268721 0.2509624271187298 -0.7465559679969422 2.634588502935459E-02
 0.9896157891542733 2.016353536249162E-02 -0.1423166248133027 2.634588502935459E-02
 -0.2509624271187298 0.7465559679969422 -0.6161753377268721 2.634588502935459E-02
 2.016353536249162E-02 0.1423166248133027 -0.9896157891542733 2.634588502935459E-02
 -0.3859022016147816 0.3932790519320326 0.8345124792957300 2.634588502935459E-02
 -0.7465559679969422 -0.6161753377268721 0.2509624271187298 2.634588502935459E-02
 -0.3932790519320326 -0.8345124792957300 -0.3859022016147816 2.634588502935459E-02
 0.7667195033594338 -0.6037135875394918 0.2183371415688579 2.634588502935459E-02
 0.2183371415688579 -0.7667195033594338 0.6037135875394918 2.634588502935459E-02
 0.3859022016147816 -0.3932790519320326 0.8345124792957300 2.634588502935459E-02
 -0.2271966476263472 -0.8468297091050464 0.4808961707940831 2.664765967657748E-02
 -0.8468297091050464 -0.4808961707940831 0.2271966476263472 2.664765967657748E-02
 0.3744439154289763 0.7558258928524636 -0.5371396223441294 2.664765967657748E-02
 -0.9957553365861751 -9.100381625258282E-02 1.377007943402447E-02 2.664765967657748E-02
 -0.2271966476263472 0.8468297091050464 -0.4808961707940831 2.664765967657748E-02
 0.8468297091050464 -0.4808961707940831 -0.2271966476263472 2.664765967657748E-02
 0.7643362699704765 -0.5148591657920919 -0.3882139948630007 2.664765967657748E-02
 1.377007943402447E-02 -0.9957553365861751 -9.100381625258282E-02 2.664765967657748E-02
 9.100381625258282E-02 1.377007943402447E-02 0.9957553365861751 2.664765967657748E-02
 -0.3882139948630007 -0.7643362699704765 0.5148591657920919 2.664765967657748E-02
 -0.7558258928524636 0.5371396223441294 0.3744439154289763 2.664765967657748E-02
 0.4586157142420457 -0.2409667270603716 0.8553400862230593 2.664765967657748E-02
 0.5371396223441294 0.3744439154289763 -0.7558258928524636 2.664765967657748E-02
 0.2409667270603716 0.8553400862230593 -0.4586157142420457 2.664765967657748E-02
 0.5148591657920919 0.3882139948630007 0.7643362699704765 2.664765967657748E-02
 -0.8553400862230593 -0.4586157142420457 -0.2409667270603716 2.664765967657748E-02
 -0.9957553365861751 9.100381625258282E-02 -1.377007943402447E-02 2.664765967657748E-02
 -0.4808961707940831 0.2271966476263472 -0.8468297091050464 2.664765967657748E-02
 -0.4808961707940831 -0.2271966476263472 0.8468297091050464 2.664765967657748E-02
 0.3744439154289763 -0.7558258928524636 0.5371396223441294 2.664765967657748E-02
 0.4808961707940831 -0.2271966476263472 -0.8468297091050464 2.664765967657748E-02
 -9.100381625258282E-02 1.377007943402447E-02 -0.9957553365861751 2.664765967657748E-02
 0.3882139948630007 -0.7643362699704765 -0.5148591657920919 2.664765967657748E-02
 -0.4586157142420457 -0.2409667270603716 -0.8553400862230593 2.664765967657748E-02
 -1.377007943402447E-02 0.9957553365861751 -9.100381625258282E-02 2.664765967657748E-02
 -0.5371396223441294 -0.3744439154289763 -0.7558258928524636 2.664765967657748E-02
 -0.7643362699704765 0.5148591657920919 -0.3882139948630007 2.664765967657748E-02
 -0.2409667270603716 -0.8553400862230593 -0.4586157142420457 2.664765967657748E-02
 0.7558258928524636 0.5371396223441294 -0.3744439154289763 2.664765967657748E-02
 0.2271966476263472 0.8468297091050464 0.4808961707940831 2.664765967657748E-02
 -0.8468297091050464 0.4808961707940831 -0.2271966476263472 2.664765967657748E-02
 -0.8553400862230593 0.4586157142420457 0.2409667270603716 2.664765967657748E-02
 0.5148591657920919 -0.3882139948630007 -0.7643362699704765 2.664765967657748E-02
 0.2271966476263472 -0.8468297091050464 -0.4808961707940831 2.664765967657748E-02
 0.8468297091050464 0.4808961707940831 0.2271966476263472 2.664765967657748E-02
 0.4808961707940831 0.2271966476263472 0.8468297091050464 2.664765967657748E-02
 0.3882139948630007 0.7643362699704765 0.5148591657920919 2.664765967657748E-02
 0.7558258928524636 -0.5371396223441294 0.3744439154289763 2.664765967657748E-02
 -0.4586157142420457 0.2409667270603716 0.8553400862230593 2.664765967657748E-02
 -9.100381625258282E-02 -1.377007943402447E-02 0.9957553365861751 2.664765967657748E-02
 1.377007943402447E-02 0.9957553365861751 9.100381625258282E-02 2.664765967657748E-02
 0.7643362699704765 0.5148591657920919 0.3882139948630007 2.664765967657748E-02
 0.9957553365861751 -9.100381625258282E-02 -1.377007943402447E-02 2.664765967657748E-02
 -0.5148591657920919 -0.3882139948630007 0.7643362699704765 2.664765967657748E-02
 0.8553400862230593 0.4586157142420457 -0.2409667270603716 2.664765967657748E-02
 -0.3744439154289763 0.7558258928524636 0.5371396223441294 2.664765967657748E-02
 0.4586157142420457 0.2409667270603716 -0.8553400862230593 2.664765967657748E-02
 -0.7558258928524636 -0.5371396223441294 -0.3744439154289763 2.664765967657748E-02
 -0.2409667270603716 0.8553400862230593 0.4586157142420457 2.664765967657748E-02
 -1.377007943402447E-02 -0.9957553365861751 9.100381625258282E-02 2.664765967657748E-02
 -0.5148591657920919 0.3882139948630007 -0.7643362699704765 2.664765967657748E-02
 0.9957553365861751 9.100381625258282E-02 1.377007943402447E-02 2.664765967657748E-02
 -0.3882139948630007 0.7643362699704765 -0.5148591657920919 2.664765967657748E-02
 9.100381625258282E-02 -1.377007943402447E-02 -0.9957553365861751 2.664765967657748E-02
 -0.5371396223441294 0.3744439154289763 0.7558258928524636 2.664765967657748E-02
 -0.7643362699704765 -0.5148591657920919 0.3882139948630007 2.664765967657748E-02
 -0.3744439154289763 -0.7558258928524636 -0.5371396223441294 2.664765967657748E-02
 0.8553400862230593 -0.4586157142420457 0.2409667270603716 2.664765967657748E-02
 0.2409667270603716 -0.8553400862230593 0.4586157142420457 2.664765967657748E-02
 0.5371396223441294 -0.3744439154289763 0.7558258928524636 2.664765967657748E-02
 -8.596067779545209E-02 -0.8139454889616240 0.5745463452777063 2.631815991041086E-02
 -0.8139454889616240 -0.5745463452777063 8.596067779545209E-02 2.631815991041086E-02
 0.3446592501391429 0.6540609784121495 -0.6733604070719227 2.631815991041086E-02
 -0.9723322159904170 -0.1598845105494745 0.1703144299039867 2.631815991041086E-02
 -8.596067779545209E-02 0.8139454889616240 -0.5745463452777063 2.631815991041086E-02
 0.8139454889616240 -0.5745463452777063 -8.596067779545209E-02 2.631815991041086E-02
 0.7593210848673747 -0.3977858707127107 -0.5149736800431296 2.631815991041086E-02
 0.1703144299039867 -0.9723322159904170 -0.1598845105494745 2.631815991041086E-02
 0.1598845105494745 0.1703144299039867 0.9723322159904170 2.631815991041086E-02
 -0.5149736800431296 -0.7593210848673747 0.3977858707127107 2.631815991041086E-02
 -0.6540609784121495 0.6733604070719227 0.3446592501391429 2.631815991041086E-02
 0.2989718089184943 -0.2562751076994388 0.9192055954168492 2.631815991041086E-02
 0.6733604070719227 0.3446592501391429 -0.6540609784121495 2.631815991041086E-02
 0.2562751076994388 0.9192055954168492 -0.2989718089184943 2.631815991041086E-02
 0.3977858707127107 0.5149736800431296 0.7593210848673747 2.631815991041086E-02
 -0.9192055954168492 -0.2989718089184943 -0.2562751076994388 2.631815991041086E-02
 -0.9723322159904170 0.1598845105494745 -0.1703144299039867 2.631815991041086E-02
 -0.5745463452777063 8.596067779545209E-02 -0.8139454889616240 2.631815991041086E-02
 -0.5745463452777063 -8.596067779545209E-02 0.8139454889616240 2.631815991041086E-02
 0.3446592501391429 -0.6540609784121495 0.6733604070719227 2.631815991041086E-02
 0.5745463452777063 -8.596067779545209E-02 -0.8139454889616240 2.631815991041086E-02
 -0.1598845105494745 0.1703144299039867 -0.9723322159904170 2.631815991041086E-02
 0.5149736800431296 -0.7593210848673747 -0.3977858707127107 2.631815991041086E-02
 -0.2989718089184943 -0.2562751076994388 -0.9192055954168492 2.631815991041086E-02
 -0.1703144299039867 0.9723322159904170 -0.1598845105494745 2.631815991041086E-02
 -0.6733604070719227 -0.3446592501391429 -0.6540609784121495 2.631815991041086E-02
 -0.7593210848673747 0.3977858707127107 -0.5149736800431296 2.631815991041086E-02
 -0.2562751076994388 -0.9192055954168492 -0.2989718089184943 2.631815991041086E-02
 0.6540609784121495 0.6733604070719227 -0.3446592501391429 2.631815991041086E-02
 8.596067779545209E-02 0.8139454889616240 0.5745463452777063 2.631815991041086E-02
 -0.8139454889616240 0.5745463452777063 -8.596067779545209E-02 2.631815991041086E-02
 -0.9192055954168492 0.2989718089184943 0.2562751076994388 2.631815991041086E-02
 0.3977858707127107 -0.5149736800431296 -0.7593210848673747 2.631815991041086E-02
 8.596067779545209E-02 -0.8139454889616240 -0.5745463452777063 2.631815991041086E-02
 0.8139454889616240 0.5745463452777063 8.596067779545209E-02 2.631815991041086E-02
 0.5745463452777063 8.596067779545209E-02 0.8139454889616240 2.631815991041086E-02
 0.5149736800431296 0.7593210848673747 0.3977858707127107 2.631815991041086E-02
 0.6540609784121495 -0.6733604070719227 0.3446592501391429 2.631815991041086E-02
 -0.2989718089184943 0.2562751076994388 0.9192055954168492 2.631815991041086E-02
 -0.1598845105494745 -0.1703144299039867 0.9723322159904170 2.631815991041086E-02
 0.1703144299039867 0.9723322159904170 0.1598845105494745 2.631815991041086E-02
 0.7593210848673747 0.3977858707127107 0.5149736800431296 2.631815991041086E-02
 0.9723322159904170 -0.1598845105494745 -0.1703144299039867 2.631815991041086E-02
 -0.3977858707127107 -0.5149736800431296 0.7593210848673747 2.631815991041086E-02
 0.9192055954168492 0.2989718089184943 -0.2562751076994388 2.631815991041086E-02
 -0.3446592501391429 0.6540609784121495 0.6733604070719227 2.631815991041086E-02
 0.2989718089184943 0.2562751076994388 -0.9192055954168492 2.631815991041086E-02
 -0.6540609784121495 -0.6733604070719227 -0.3446592501391429 2.631815991041086E-02
 -0.2562751076994388 0.9192055954168492 0.2989718089184943 2.631815991041086E-02
 -0.1703144299039867 -0.9723322159904170 0.1598845105494745 2.631815991041086E-02
 -0.3977858707127107 0.5149736800431296 -0.7593210848673747 2.631815991041086E-02
 0.9723322159904170 0.1598845105494745 0.1703144299039867 2.631815991041086E-02
 -0.5149736800431296 0.7593210848673747 -0.3977858707127107 2.631815991041086E-02
 0.1598845105494745 -0.1703144299039867 -0.9723322159904170 2.631815991041086E-02
 -0.6733604070719227 0.3446592501391429 0.6540609784121495 2.631815991041086E-02
 -0.7593210848673747 -0.3977858707127107 0.5149736800431296 2.631815991041086E-02
 -0.3446592501391429 -0.6540609784121495 -0.6733604070719227 2.631815991041086E-02
 0.9192055954168492 -0.2989718089184943 0.2562751076994388 2.631815991041086E-02
 0.2562751076994388 -0.9192055954168492 0.2989718089184943 2.631815991041086E-02
 0.6733604070719227 -0.3446592501391429 0.6540609784121495 2.631815991041086E-02
 -0.1103691927611967 -0.7057599764075302 0.6998010410041445 2.527814927014210E-02
 -0.7057599764075302 -0.6998010410041445 0.1103691927611967 2.527814927014210E-02
 0.1869653381426274 0.6584209551545777 -0.7290581651326228 2.527814927014210E-02
 -0.9549782915840803 -4.733902125295244E-02 0.2928745118134452 2.527814927014210E-02
 -0.1103691927611967 0.7057599764075302 -0.6998010410041445 2.527814927014210E-02
 0.7057599764075302 -0.6998010410041445 -0.1103691927611967 2.527814927014210E-02
 0.8394273578938194 -0.2551772505799358 -0.4798398499560726 2.527814927014210E-02
 0.2928745118134452 -0.9549782915840803 -4.733902125295244E-02 2.527814927014210E-02
 4.733902125295244E-02 0.2928745118134452 0.9549782915840803 2.527814927014210E-02
 -0.4798398499560726 -0.8394273578938194 0.2551772505799358 2.527814927014210E-02
 -0.6584209551545777 0.7290581651326228 0.1869653381426274 2.527814927014210E-02
 0.2259201264514576 -0.4032437045746419 0.8867663791467719 2.527814927014210E-02
 0.7290581651326228 0.1869653381426274 -0.6584209551545777 2.527814927014210E-02
 0.4032437045746419 0.8867663791467719 -0.2259201264514576 2.527814927014210E-02
 0.2551772505799358 0.4798398499560726 0.8394273578938194 2.527814927014210E-02
 -0.8867663791467719 -0.2259201264514576 -0.4032437045746419 2.527814927014210E-02
 -0.9549782915840803 4.733902125295244E-02 -0.2928745118134452 2.527814927014210E-02
 -0.6998010410041445 0.1103691927611967 -0.7057599764075302 2.527814927014210E-02
 -0.6998010410041445 -0.1103691927611967 0.7057599764075302 2.527814927014210E-02
 0.1869653381426274 -0.6584209551545777 0.7290581651326228 2.527814927014210E-02
 0.6998010410041445 -0.1103691927611967 -0.7057599764075302 2.527814927014210E-02
 -4.733902125295244E-02 0.2928745118134452 -0.9549782915840803 2.527814927014210E-02
 0.4798398499560726 -0.8394273578938194 -0.2551772505799358 2.527814927014210E-02
 -0.2259201264514576 -0.4032437045746419 -0.8867663791467719 2.527814927014210E-02
 -0.2928745118134452 0.9549782915840803 -4.733902125295244E-02 2.527814927014210E-02
 -0.7290581651326228 -0.1869653381426274 -0.6584209551545777 2.527814927014210E-02
 -0.8394273578938194 0.2551772505799358 -0.4798398499560726 2.527814927014210E-02
 -0.4032437045746419 -0.8867663791467719 -0.2259201264514576 2.527814927014210E-02
 0.6584209551545777 0.7290581651326228 -0.1869653381426274 2.527814927014210E-02
 0.1103691927611967 0.7057599764075302 0.6998010410041445 2.527814927014210E-02
 -0.7057599764075302 0.6998010410041445 -0.1103691927611967 2.527814927014210E-02
 -0.8867663791467719 0.2259201264514576 0.4032437045746419 2.527814927014210E-02
 0.2551772505799358 -0.4798398499560726 -0.8394273578938194 2.527814927014210E-02
 0.1103691927611967 -0.7057599764075302 -0.6998010410041445 2.527814927014210E-02
 0.7057599764075302 0.6998010410041445 0.1103691927611967 2.527814927014210E-02
 0.6998010410041445 0.1103691927611967 0.7057599764075302 2.527814927014210E-02
 0.4798398499560726 0.8394273578938194 0.2551772505799358 2.527814927014210E-02
 0.6584209551545777 -0.7290581651326228 0.1869653381426274 2.527814927014210E-02
 -0.2259201264514576 0.4032437045746419 0.8867663791467719 2.527814927014210E-02
 -4.733902125295244E-02 -0.2928745118134452 0.9549782915840803 2.527814927014210E-02
 0.2928745118134452 0.9549782915840803 4.733902125295244E-02 2.527814927014210E-02
 0.8394273578938194 0.2551772505799358 0.4798398499560726 2.527814927014210E-02
 0.9549782915840803 -4.733902125295244E-02 -0.2928745118134452 2.527814927014210E-02
 -0.2551772505799358 -0.4798398499560726 0.8394273578938194 2.527814927014210E-02
 0.8867663791467719 0.2259201264514576 -0.4032437045746419 2.527814927014210E-02
 -0.1869653381426274 0.6584209551545777 0.7290581651326228 2.527814927014210E-02
 0.2259201264514576 0.4032437045746419 -0.8867663791467719 2.527814927014210E-02
 -0.6584209551545777 -0.7290581651326228 -0.1869653381426274 2.527814927014210E-02
 -0.4032437045746419 0.8867663791467719 0.2259201264514576 2.527814927014210E-02
 -0.2928745118134452 -0.9549782915840803 4.733902125295244E-02 2.527814927014210E-02
 -0.2551772505799358 0.4798398499560726 -0.8394273578938194 2.527814927014210E-02
 0.9549782915840803 4.733902125295244E-02 0.2928745118134452 2.527814927014210E-02
 -0.4798398499560726 0.8394273578938194 -0.2551772505799358 2.527814927014210E-02
 4.733902125295244E-02 -0.2928745118134452 -0.9549782915840803 2.527814927014210E-02
 -0.7290581651326228 0.1869653381426274 0.6584209551545777 2.527814927014210E-02
 -0.8394273578938194 -0.2551772505799358 0.4798398499560726 2.527814927014210E-02
 -0.1869653381426274 -0.6584209551545777 -0.7290581651326228 2.527814927014210E-02
 0.8867663791467719 -0.2259201264514576 0.4032437045746419 2.527814927014210E-02
 0.4032437045746419 -0.8867663791467719 0.2259201264514576 2.527814927014210E-02
 0.7290581651326228 -0.1869653381426274 0.6584209551545777 2.527814927014210E-02
