0.000000000000000000e+00 0.000000000000000000e+00 1.000000000000000000e+00
7.171149923225446088e-01 0.000000000000000000e+00 -6.969548678259136487e-01
-3.982537699884872717e-01 -3.346958126164749636e-01 -8.540331654607768996e-01
3.859345241601751519e-01 -1.927213793815370779e-01 -9.021712769704746115e-01
-9.035415049982178370e-01 1.473496294492829262e-01 -4.023690289357700900e-01
6.471808739948473610e-01 -7.622445010220215700e-01 -1.184217028061542581e-02
3.257360303484513886e-01 -9.210909888451619398e-01 2.132778206965611489e-01
-3.373264522775110685e-01 -2.804065761264418755e-01 8.986562282980706806e-01
-3.788534325687326620e-01 4.465586327665828359e-02 -9.243786726801441755e-01
-7.126115228257763334e-01 -9.839117140851577625e-02 -6.946250750763235393e-01
1.394304414519472179e-01 9.893326877624816218e-01 4.218986751791511947e-02
5.114555522906804041e-01 -7.309930683018867059e-01 -4.517326113151765021e-01
3.352426069719085522e-01 8.464495055640453014e-01 4.136854227563037112e-01
-6.431919099969553300e-02 -9.802789860003989775e-01 1.868586398194480580e-01
3.298017339905954248e-01 2.430648462818924826e-01 9.122227232199143776e-01
3.002451261388917048e-01 -9.371599861013422128e-01 -1.777189485687241943e-01
-7.848255570511537549e-01 4.932481170609135934e-01 3.751734798932481185e-01
9.898490048871834146e-01 1.394279826959830548e-01 2.754605534702410374e-02
-3.105478804427092565e-01 9.472858932944848709e-01 7.880006546831438974e-02
5.270085083209480326e-01 8.496969733278425529e-01 1.664589062901009053e-02
-1.019328035791364356e-01 -9.729466490331702966e-01 -2.073270886537071644e-01
-1.496604153036258655e-01 7.093539955720921109e-01 6.887805666952679928e-01
-1.722366988420420963e-01 -6.465140966988566218e-01 -7.432052491348921652e-01
1.134373931080966402e-01 4.690346903291325309e-01 -8.758643828314368607e-01
8.967578773534780057e-01 2.825848493004354811e-01 -3.405453161479903290e-01
-3.802749966676475801e-01 -8.142184291562539755e-01 -4.386790130969827617e-01
-5.742237274016713799e-01 -5.417850153211758446e-01 6.137883251271274432e-01
-1.076153370950187899e-01 9.501824279520868499e-01 -2.925274223607128299e-01
6.656561501986753004e-01 6.708993602280598489e-01 -3.267964781760333004e-01
5.865289884605088266e-01 4.538399341914808871e-01 6.708301274007932857e-01
-1.896028435476060370e-01 -6.442455396597739359e-01 7.409442936868794183e-01
9.871726523186193092e-02 -8.397641816696216344e-01 -5.339016957548392561e-01
-4.497216030850052504e-01 -8.931682109286790405e-01 1.013264583292724933e-03
-5.538049824079357975e-02 9.202609938545388557e-01 3.873663687059806238e-01
1.009962323814783541e-01 -8.289511637662934085e-01 5.501270118211377680e-01
-9.123631042006743463e-01 -4.089714692978329014e-01 1.832766743699628872e-02
-4.885557415267944292e-01 8.300274009991442936e-01 -2.690126409888758396e-01
-6.959418983978202800e-01 7.163569145323535059e-01 4.997644501286935270e-02
8.139344688058234301e-01 -5.140758588865759204e-01 -2.706227850714185701e-01
6.568948455961645116e-01 -3.963640311922099757e-01 -6.413927943204944526e-01
8.497406771792485047e-01 5.271811742757680497e-01 4.559718870132879742e-03
9.140328592058087898e-01 -1.089387326860088712e-01 3.907381281789895078e-01
5.630293307850485485e-02 -3.850947293625750500e-01 9.211579827282193600e-01
6.968160665146159172e-01 6.543996923473872906e-02 7.142583425299663391e-01
-4.802509222294596980e-01 4.943387797769073777e-01 7.245607100212042573e-01
3.438259803851701490e-01 -5.688988160579604436e-01 7.470862281557781870e-01
-9.420434186909801832e-01 9.156250800079392127e-02 3.227545575659853672e-01
3.700566658935643960e-01 6.655728953395319003e-01 -6.481286793662901502e-01
6.729366263697990069e-01 6.554213716691871250e-01 3.428981225514581288e-01
4.069106123193838020e-01 2.092602805913762187e-01 -8.891759603974247472e-01
2.151724385301206563e-02 7.393054613888512538e-02 -9.970312344979851416e-01
-2.688067742196789678e-01 4.169037560570139078e-01 -8.682938306352085966e-01
6.611686729354369074e-01 3.973059485807610147e-01 -6.363992215199001379e-01
-9.983218178719092117e-01 -2.996742215732836265e-02 -4.955301777057663504e-02
4.075700787751215248e-01 -1.607497012473083076e-01 8.989138804335721211e-01
9.169881977796564554e-01 -1.200842171841385447e-01 -3.804108646136311056e-01
5.511416801807058619e-01 -7.075207782030246140e-01 4.423315462168338486e-01
-4.790031065481536454e-01 7.745739742916925019e-01 4.130268541719662734e-01
-4.366789002535732822e-02 7.699411306873493732e-01 -6.366190153118419515e-01
-3.971730802914783531e-01 1.273042877243314164e-01 9.088713674765970252e-01
2.394023268503203683e-01 6.316901165838062493e-01 7.373290462941153312e-01
2.806898910697060989e-01 -5.687241616825816637e-01 -7.731532920254050589e-01
-7.355371985110855659e-01 2.018103312826881601e-01 6.467283972380024615e-01
-7.249997923069802230e-02 3.892265224665236723e-01 9.182845241101285083e-01
-6.053438503676320664e-03 -3.175038513001641194e-01 -9.482376602370554686e-01
6.869637461758855146e-01 -3.490789369187126678e-01 6.373575976166715451e-01
2.954206923564468568e-01 8.945373120455539784e-01 -3.354543365138579758e-01
9.678220046561285539e-01 -2.515803465592739152e-01 -5.281716435783842707e-03
-6.989410290024834493e-01 -6.727209207195101737e-01 2.427509027856418755e-01
-8.819840000309276951e-01 -2.853618398395640909e-01 -3.750637866454497593e-01
-6.478963374779468376e-01 3.088655104558857833e-01 -6.962990968926267010e-01
-6.186222945498482950e-01 -5.215443941686511709e-01 -5.876205421844400423e-01
-7.688311145908889310e-01 5.326081014291877969e-01 -3.538747342336371338e-01
-7.112566235974523421e-01 -6.697275701231437672e-01 -2.134923820788498516e-01
-9.279346025414739740e-01 3.726138722748207344e-01 -9.812012768047348107e-03
8.262058527190638824e-01 -5.051310841898299930e-01 2.494523536027898891e-01
-3.504299691499233038e-01 -8.379143728531410762e-01 4.184475361233606083e-01
-4.350331581679022785e-01 6.627814988078690739e-01 -6.094807922588336702e-01
-8.704077711421640551e-01 -2.955856092347804442e-01 3.937251065764462155e-01
8.716569510745320049e-01 2.959918262560431446e-01 3.906443375156784525e-01
-6.767021773734461787e-01 -1.667031352273410927e-01 7.171361292275071353e-01
