   0.0000000000000000E+00   0.0000000000000000E+00   1.0000000000000000E+00   1.0361003046011849E-01
   5.4878976192225970E-01   0.0000000000000000E+00   8.3596040409179046E-01   9.8881576779300868E-02
  -2.4820973857361532E-02   3.2521291612656999E-01   9.4531501545316878E-01   8.7438188772676195E-02
   3.2916525875714777E-01   4.8100778700299793E-01  -8.1257722172715283E-01   7.9502148901746076E-02
  -9.3466700609285719E-01   3.3342167816401375E-01  -1.2340004964224178E-01   7.1644343593560435E-02
   6.2736057756288392E-01  -5.2779599684615252E-02  -7.7693823408112479E-01   8.8876970502876098E-02
   4.4951193454692202E-02   6.4382596914380298E-01  -7.6385045111136884E-01   1.0207184587438871E-01
  -4.8868174680647582E-01   8.7150795626389765E-01  -4.0792554552217312E-02   1.5141341661383689E-01
   9.1657901052846906E-01  -3.7204915037912069E-01   1.4650033160654265E-01   1.0654283756450242E-01
   9.5578905345245672E-01   6.1032017335007875E-02  -2.8764974910553320E-01   1.0360989896323482E-01
   3.5304681087168665E-01  -1.9783926342881594E-01  -9.1444932892931536E-01   1.2595023568200272E-01
  -4.7845484178073114E-01  -6.6890361837178948E-01  -5.6890149736637454E-01   1.2982609764238031E-01
   2.1259006753848748E-01  -9.7708792609305223E-01  -1.0229754012656755E-02   1.0654325479350217E-01
  -7.4311534962732563E-01   2.1736967212182238E-01  -6.3287439732533741E-01   7.2456251109457774E-02
   5.2955428824226693E-01  -6.4093861025743397E-01   5.5567072415729734E-01   1.0679957297253421E-01
  -2.3715290515011480E-01   4.9229482396426345E-01  -8.3749883932866158E-01   7.1644336181725529E-02
   2.9110922790327933E-01  -1.8723265784499353E-01   9.3818939946359236E-01   1.0059397614249288E-01
  -2.3589992357440636E-01   1.3644206828427627E-01  -9.6215112537475011E-01   7.6822167865150090E-02
  -6.1781051115688487E-01  -7.3637435589245461E-01  -2.7579517814501630E-01   8.7438128594762609E-02
   9.3771371578371347E-01   1.9294275775288998E-01   2.8890496614252025E-01   1.0192274470815934E-01
   5.3275002778025832E-01  -8.4622323123505918E-01   9.1460821245773082E-03   1.0016237729629646E-01
  -5.1140981206872515E-01   6.6496542739043960E-01   5.4431698898278124E-01   1.4149415764045536E-01
   3.2767855265603111E-01   1.3656513707888349E-01  -9.3486722558012189E-01   8.2033569077879029E-02
   2.0554220369269118E-02   9.7698154358500737E-01  -2.1233131544656247E-01   1.5562331812557892E-01
   6.2211360124750312E-01   5.2217488613347118E-01  -5.8335928503312519E-01   8.1095710694235787E-02
  -7.6677584132639351E-01   4.5773279171783105E-01   4.5003944332069609E-01   7.5671255342430772E-02
   7.5241537710485548E-01  -1.6566169490282421E-01   6.3751651205132064E-01   1.0284590883404862E-01
   5.1135073630351346E-01   8.5935626496002939E-01  -5.2186545969292774E-03   1.3536959678039086E-01
   4.5827965951063776E-02   3.3175164932610448E-01  -9.4225296004109075E-01   1.4109336681309503E-01
   5.5530876312135379E-01   3.3166130043795711E-01   7.6264864740746478E-01   1.0463566408984705E-01
  -5.5075619788432756E-01   5.4236741168080513E-01  -6.3443297615954943E-01   6.8075825342808871E-02
  -2.9821493256909189E-01  -1.3038690091445119E-01   9.4555122022169530E-01   9.3397554269006235E-02
   7.6793783123528713E-01   6.3662539472543224E-01  -7.0566239437362900E-02   8.6173579299615639E-02
  -2.7544510164827133E-01  -2.0177049768757355E-01  -9.3990353879580759E-01   1.3536927025854583E-01
  -1.9828641254023162E-01   7.9179333171387735E-01   5.7770738134055621E-01   7.9502061374154084E-02
   1.8321199470101671E-01  -8.0370329056966838E-01  -5.6612223567455988E-01   1.0192305726548562E-01
   3.4557003484319070E-01  -8.9008878711489867E-01  -2.9719236543155801E-01   9.8693754103086099E-02
  -6.3916881817849260E-01   7.3325902982306292E-01   2.3193623488202410E-01   7.2456077249880959E-02
  -8.3017613363674307E-01  -4.5342889445034515E-01   3.2436064005591980E-01   1.2594981864759731E-01
  -7.8682638467151724E-01  -1.2302529453771633E-01  -6.0478840703890632E-01   1.4149399651408658E-01
  -1.4451728091402314E-01  -9.8949755087280895E-01  -3.0581585848291350E-03   1.0059377318828697E-01
   4.8934681926602108E-01  -6.6103237489559196E-01  -5.6883731401352495E-01   1.0823363845286584E-01
  -3.1403205886389162E-01  -4.6997538017222719E-01   8.2492848662031050E-01   1.0192299404752442E-01
   8.0971322275994843E-01   1.8737572670191898E-01  -5.5610685477759203E-01   8.7438151189831039E-02
   3.4646524949521113E-01   7.3284125914131781E-01  -5.8558135198483647E-01   1.4149433337888321E-01
   4.7464950315962752E-01   6.5458964332744082E-01   5.8840483342573968E-01   1.2595016643162075E-01
  -7.5175351299711614E-01  -6.5634729199951955E-01   6.3834849270535345E-02   8.8877583062575045E-02
  -8.3653987953684012E-02  -8.4657268871710318E-01   5.2565834247897154E-01   1.0284604448491017E-01
   8.1112628899815533E-01  -5.8112077885896029E-01  -6.6127026807776738E-02   1.0578817918458176E-01
   6.3330008390098901E-01   7.2290079028612037E-01   2.7630680616789504E-01   8.9222158021788775E-02
  -3.5680992879208170E-01   8.8402207233225400E-01   3.0197955285876023E-01   1.0207198622192932E-01
   9.2405561346437181E-01  -1.2438315806310735E-01   3.6145546505099561E-01   9.8693986749996014E-02
   2.6666537246851849E-01  -5.2041356581323832E-01   8.1120854263486190E-01   1.0654294259078898E-01
   6.9717833374256565E-01  -6.7496798894599363E-01   2.4157935519853648E-01   1.0679974491652177E-01
   3.5136991690690688E-01   8.7611305660717970E-01   3.3009861183479416E-01   1.0250363246019635E-01
   8.5094642850707042E-01   4.8684475996738338E-01   1.9716073519684961E-01   1.1775244185028546E-01
   2.3451872511058997E-01  -7.7841964681912170E-01   5.8229186927046949E-01   1.0016263354320824E-01
   6.1054515552415287E-01  -3.6880250595750307E-01  -7.0087040504322466E-01   1.0463581920423885E-01
  -8.2876847547830561E-01   1.3648170652046216E-01   5.4269287616351427E-01   1.3536929684315710E-01
  -5.5261132495438918E-01  -3.5121201133117656E-01  -7.5582461366964226E-01   1.0296632699521661E-01
  -8.3806206537758249E-01  -5.0456497135362932E-01  -2.0752388840317119E-01   1.3543543370934312E-01
   3.2674305059147550E-01   9.0021166467558604E-01  -2.8785054745854932E-01   7.5670805261040321E-02
  -1.8508472715471457E-02   6.1285503529487979E-01   7.8997857069128922E-01   1.3543562812001488E-01
  -2.7385988856287069E-01   7.4318874216441930E-01  -6.1046806219195470E-01   1.5141334232961733E-01
   4.6423201019748123E-02  -2.4947258422214635E-02  -9.9861029471175353E-01   1.0250377720059191E-01
  -2.8053594325506200E-01   9.0812814355663036E-01  -3.1081000534471354E-01   6.8075709876290000E-02
  -7.3409121665118952E-01  -4.5170244239396266E-01  -5.0702562969824827E-01   8.1096255509024519E-02
   7.3070614522504575E-01   4.6333861436749002E-01   5.0138394246960960E-01   9.3363466232492484E-02
   6.2817193642032780E-01  -7.2485025713174158E-01  -2.8282878748455537E-01   1.0284626386663582E-01
  -3.7018493078735854E-01  -7.1224425867532090E-01   5.9638178459943027E-01   1.0823347061568284E-01
  -3.2424320494816356E-01   5.1379215549598855E-01   7.9428204373240687E-01   8.1096203351416864E-02
   3.2990527730522738E-02   8.5658604064347336E-01  -5.1494852175222263E-01   7.2456154592790023E-02
  -9.9907336240507049E-01   7.6790225552080970E-03  -4.2349133937108041E-02   1.4109320264474969E-01
  -3.3008488230974997E-01   1.9794143278588796E-01   9.2296433281965359E-01   1.2982601343557496E-01
  -3.6243343345012024E-03   9.4217963320702420E-01   3.3508864942058069E-01   1.4109340002920185E-01
  -4.8773504088921066E-01  -8.7290544863385548E-01   1.2272230201854665E-02   1.1777422278015241E-01
  -1.2071299104585266E-02  -3.3630809112866972E-01   9.4167465272211607E-01   1.1028598952242525E-01
   1.3264723131104407E-02  -6.3142959677835968E-01  -7.7531974786701605E-01   1.1775219397154867E-01
   2.8171160587078599E-01   4.9841776733726579E-01   8.1988920002658787E-01   8.8877205400303349E-02
   5.3816467496397732E-01  -3.6683868025641128E-01   7.5882024570292729E-01   1.0578821655118568E-01
  -5.5430033921393295E-01   7.4241806697760468E-01  -3.7625330267328642E-01   1.0423499183371682E-01
  -6.3109356855716285E-01  -5.1231437149572585E-01   5.8245591462764387E-01   9.3363966673084792E-02
   9.5341538684611109E-01   2.9635671687809530E-01  -5.6318704586634709E-02   9.3397407794785820E-02
   7.9207491205904236E-01   1.5278563927856644E-01   5.9099397807160460E-01   1.0823382807188439E-01
   7.7423362759503255E-01  -4.4001223686687831E-01   4.5491924701911941E-01   1.0016266951085568E-01
  -7.9778116146013005E-01  -1.9675338039456388E-01   5.6994151079092150E-01   8.9222178522875026E-02
  -6.0717168240642669E-01   4.7669278437820912E-02   7.9313945052365584E-01   8.6174136340612470E-02
  -1.7750215774503756E-01  -8.0578842491752471E-01  -5.6497610415378654E-01   9.3397283909217776E-02
   1.9816967379378001E-01   9.7835282781001495E-01   5.9619834825453406E-02   7.6822159538688410E-02
   8.3738640990696389E-01   4.3232560297415583E-01  -3.3448254590659729E-01   1.2982636659504986E-01
  -9.4900656464035666E-01  -1.1288297638697804E-01   2.9435348462609670E-01   1.0250392251321160E-01
   8.3829447404328227E-01  -1.5413369482673989E-01  -5.2297722599321092E-01   1.1777459936228771E-01
  -5.9843013437997800E-01   3.6028644912315970E-01   7.1559419285247569E-01   1.0296632774530984E-01
   9.9852775029495735E-01  -4.1040693257073375E-02   3.5468202489979097E-02   1.1028618716645253E-01
   5.7716718291360313E-01   2.6593641385919557E-01  -7.7211130463896582E-01   1.3543598629424860E-01
   7.4420633643761417E-02  -9.5892913413908402E-01   2.7370875942747519E-01   1.0578791793382127E-01
  -1.7854599241216000E-01   9.8293449835179469E-01   4.4284314869516405E-02   7.1644132770983439E-02
  -9.2971563946561808E-01  -2.0285660234152822E-01  -3.0737278444827840E-01   7.9502291110237335E-02
  -8.5212970070503182E-01   5.0415959110908872E-01   1.4034984812627722E-01   1.5562307932045378E-01
  -9.1947445290422500E-01   1.2137300344550179E-01  -3.7394561702351092E-01   1.0207192667222173E-01
   9.3988774604756990E-01  -2.7847740097355631E-01  -1.9763947474285536E-01   1.0059398594181263E-01
  -3.3011627840321962E-01  -8.9904431133212554E-01  -2.8765008081791298E-01   1.0361029760008275E-01
  -2.9743648711132442E-01  -9.1150401892381403E-01   2.8406330213635545E-01   9.8881943270369134E-02
   2.8630974196687093E-02  -3.4419289612882133E-01  -9.3846231547729335E-01   8.9222207461594571E-02
  -3.8168351801739706E-02  -6.3491534160064162E-01   7.7163831289074744E-01   9.8693965754084320E-02
  -2.8302985533205028E-01  -5.2053698850450649E-01  -8.0556523298202105E-01   8.6174056649818400E-02
  -7.8935751040624859E-01   4.6388370888546885E-01  -4.0215249022716603E-01   1.5141325536684058E-01
  -7.4290183853009104E-01   6.5794611535215477E-01  -1.2330355875488514E-01   6.8075803776007246E-02
   6.7920265246511890E-03  -9.5298683148289580E-01  -3.0293558291471684E-01   1.1028600577484339E-01
  -4.8847849589328271E-01   2.8691075592017405E-01  -8.2405762977303371E-01   1.5562293325030283E-01
   6.0237014483490476E-01   7.2580408154259723E-01  -3.3220271496133606E-01   1.0296670042128823E-01
   7.7752942649441516E-01  -4.6655931877771896E-01  -4.2162826399203447E-01   9.8881372800431179E-02
  -9.5014805554654131E-01   2.0834755794254289E-01   2.3196975587456520E-01   7.6822120114368956E-02
  -5.5026535439608377E-01  -3.1560637940323648E-02  -8.3439317224205051E-01   7.5671318405372280E-02
   4.0033214233044214E-01  -8.6334862989395144E-01   3.0718613099773151E-01   1.0679978752719438E-01
   2.8521167362969350E-01   1.7550135927095618E-01   9.4225982304213520E-01   1.1777445270535138E-01
  -5.5753829154086105E-01  -2.6616580142216839E-01   7.8632488172446421E-01   1.1775187799625754E-01
   3.1559281699946777E-01  -5.0714105861836547E-01  -8.0200319233889842E-01   9.3363470194172908E-02
   1.6699561641752471E-01   7.8961492861262518E-01   5.9044113051972395E-01   8.2033770791042801E-02
  -5.8628963587946643E-01  -7.3911443015527247E-01   3.3162376572943226E-01   1.0463546285447686E-01
  -9.4615705255231183E-01  -3.2147407768381466E-01   3.7963789100440270E-02   8.2033735468057162E-02
